0 1 85.0
0 2 84.0
0 3 73.0
0 4 73.0
0 5 73.0
0 6 80.0
0 7 81.0
0 8 80.0
0 9 85.0
0 10 62.0
0 11 77.0
0 12 68.0
0 13 47.0
0 14 46.0
0 15 83.0
0 16 82.0
0 17 85.0
0 18 50.0
0 19 73.0
0 20 67.0
0 21 102.0
0 22 48.0
0 23 74.0
0 24 53.0
0 25 112.0
0 26 89.0
0 27 76.0
0 28 73.0
0 29 80.0
0 30 81.0
0 31 59.0
0 32 65.0
0 33 89.0
0 34 77.0
0 35 72.0
0 36 46.0
0 37 83.0
0 38 80.0
0 39 39.0
0 40 88.0
0 41 39.0
0 42 73.0
0 43 78.0
0 44 84.0
0 45 54.0
0 46 84.0
0 47 64.0
0 48 57.0
0 49 90.0
0 50 62.0
0 51 63.0
0 52 63.0
0 53 95.0
0 54 89.0
0 55 77.0
0 56 83.0
0 57 75.0
0 58 77.0
0 59 62.0
0 60 82.0
0 61 91.0
0 62 68.0
0 63 20.0
0 64 56.0
0 65 68.0
0 66 83.0
0 67 93.0
0 68 108.0
0 69 84.0
0 70 47.0
0 71 79.0
0 72 105.0
0 73 102.0
0 74 95.0
0 75 71.0
0 76 75.0
0 77 85.0
0 78 56.0
0 79 74.0
0 80 88.0
0 81 67.0
0 82 62.0
0 83 91.0
0 84 83.0
0 85 83.0
0 86 81.0
0 87 83.0
0 88 86.0
0 89 80.0
0 90 76.0
0 91 67.0
0 92 56.0
0 93 82.0
0 94 100.0
0 95 48.0
0 96 72.0
0 97 58.0
0 98 97.0
0 99 83.0
1 2 67.0
1 3 45.0
1 4 47.0
1 5 52.0
1 6 33.0
1 7 78.0
1 8 73.0
1 9 49.0
1 10 56.0
1 11 52.0
1 12 74.0
1 13 54.0
1 14 49.0
1 15 26.0
1 16 64.0
1 17 70.0
1 18 53.0
1 19 40.0
1 20 74.0
1 21 64.0
1 22 47.0
1 23 49.0
1 24 56.0
1 25 36.0
1 26 62.0
1 27 43.0
1 28 73.0
1 29 55.0
1 30 62.0
1 31 26.0
1 32 53.0
1 33 75.0
1 34 51.0
1 35 71.0
1 36 64.0
1 37 45.0
1 38 55.0
1 39 46.0
1 40 55.0
1 41 46.0
1 42 48.0
1 43 17.0
1 44 23.0
1 45 61.0
1 46 59.0
1 47 31.0
1 48 38.0
1 49 72.0
1 50 45.0
1 51 46.0
1 52 60.0
1 53 62.0
1 54 64.0
1 55 74.0
1 56 67.0
1 57 42.0
1 58 57.0
1 59 65.0
1 60 56.0
1 61 53.0
1 62 73.0
1 63 75.0
1 64 53.0
1 65 43.0
1 66 68.0
1 67 60.0
1 68 105.0
1 69 64.0
1 70 65.0
1 71 82.0
1 72 92.0
1 73 55.0
1 74 69.0
1 75 64.0
1 76 56.0
1 77 42.0
1 78 42.0
1 79 57.0
1 80 27.0
1 81 53.0
1 82 65.0
1 83 71.0
1 84 45.0
1 85 67.0
1 86 58.0
1 87 68.0
1 88 60.0
1 89 68.0
1 90 43.0
1 91 34.0
1 92 39.0
1 93 35.0
1 94 50.0
1 95 37.0
1 96 58.0
1 97 61.0
1 98 83.0
1 99 58.0
2 3 53.0
2 4 32.0
2 5 59.0
2 6 53.0
2 7 75.0
2 8 44.0
2 9 26.0
2 10 48.0
2 11 69.0
2 12 51.0
2 13 67.0
2 14 38.0
2 15 60.0
2 16 58.0
2 17 55.0
2 18 42.0
2 19 34.0
2 20 84.0
2 21 41.0
2 22 40.0
2 23 50.0
2 24 61.0
2 25 70.0
2 26 5.0
2 27 37.0
2 28 67.0
2 29 39.0
2 30 44.0
2 31 48.0
2 32 45.0
2 33 59.0
2 34 36.0
2 35 57.0
2 36 64.0
2 37 22.0
2 38 39.0
2 39 59.0
2 40 80.0
2 41 59.0
2 42 32.0
2 43 61.0
2 44 55.0
2 45 72.0
2 46 68.0
2 47 56.0
2 48 49.0
2 49 73.0
2 50 54.0
2 51 51.0
2 52 55.0
2 53 56.0
2 54 88.0
2 55 59.0
2 56 27.0
2 57 51.0
2 58 22.0
2 59 54.0
2 60 33.0
2 61 16.0
2 62 66.0
2 63 64.0
2 64 58.0
2 65 56.0
2 66 53.0
2 67 66.0
2 68 103.0
2 69 15.0
2 70 63.0
2 71 68.0
2 72 76.0
2 73 66.0
2 74 55.0
2 75 53.0
2 76 55.0
2 77 74.0
2 78 42.0
2 79 37.0
2 80 51.0
2 81 48.0
2 82 54.0
2 83 50.0
2 84 22.0
2 85 27.0
2 86 40.0
2 87 53.0
2 88 62.0
2 89 60.0
2 90 65.0
2 91 40.0
2 92 48.0
2 93 44.0
2 94 76.0
2 95 50.0
2 96 53.0
2 97 50.0
2 98 68.0
2 99 67.0
3 4 46.0
3 5 62.0
3 6 44.0
3 7 71.0
3 8 58.0
3 9 59.0
3 10 11.0
3 11 59.0
3 12 67.0
3 13 49.0
3 14 28.0
3 15 37.0
3 16 21.0
3 17 51.0
3 18 32.0
3 19 55.0
3 20 48.0
3 21 74.0
3 22 30.0
3 23 60.0
3 24 51.0
3 25 55.0
3 26 48.0
3 27 58.0
3 28 30.0
3 29 58.0
3 30 59.0
3 31 57.0
3 32 8.0
3 33 79.0
3 34 42.0
3 35 49.0
3 36 27.0
3 37 55.0
3 38 58.0
3 39 45.0
3 40 50.0
3 41 45.0
3 42 51.0
3 43 28.0
3 44 22.0
3 45 35.0
3 46 62.0
3 47 26.0
3 48 33.0
3 49 81.0
3 50 40.0
3 51 55.0
3 52 45.0
3 53 67.0
3 54 63.0
3 55 43.0
3 56 26.0
3 57 51.0
3 58 56.0
3 59 44.0
3 60 66.0
3 61 63.0
3 62 28.0
3 63 54.0
3 64 48.0
3 65 66.0
3 66 49.0
3 67 75.0
3 68 98.0
3 69 58.0
3 70 28.0
3 71 61.0
3 72 62.0
3 73 66.0
3 74 80.0
3 75 58.0
3 76 18.0
3 77 77.0
3 78 62.0
3 79 52.0
3 80 26.0
3 81 72.0
3 82 28.0
3 83 82.0
3 84 55.0
3 85 26.0
3 86 52.0
3 87 49.0
3 88 25.0
3 89 23.0
3 90 68.0
3 91 49.0
3 92 34.0
3 93 58.0
3 94 69.0
3 95 54.0
3 96 77.0
3 97 40.0
3 98 64.0
3 99 81.0
4 5 66.0
4 6 57.0
4 7 76.0
4 8 46.0
4 9 40.0
4 10 41.0
4 11 72.0
4 12 30.0
4 13 42.0
4 14 41.0
4 15 64.0
4 16 49.0
4 17 23.0
4 18 45.0
4 19 56.0
4 20 71.0
4 21 55.0
4 22 39.0
4 23 34.0
4 24 48.0
4 25 83.0
4 26 27.0
4 27 59.0
4 28 58.0
4 29 53.0
4 30 32.0
4 31 54.0
4 32 38.0
4 33 61.0
4 34 4.0
4 35 63.0
4 36 52.0
4 37 36.0
4 38 53.0
4 39 34.0
4 40 68.0
4 41 34.0
4 42 46.0
4 43 58.0
4 44 53.0
4 45 60.0
4 46 68.0
4 47 44.0
4 48 37.0
4 49 49.0
4 50 44.0
4 51 58.0
4 52 58.0
4 53 50.0
4 54 79.0
4 55 27.0
4 56 20.0
4 57 19.0
4 58 10.0
4 59 57.0
4 60 42.0
4 61 38.0
4 62 62.0
4 63 67.0
4 64 51.0
4 65 28.0
4 66 21.0
4 67 60.0
4 68 89.0
4 69 17.0
4 70 53.0
4 71 54.0
4 72 78.0
4 73 35.0
4 74 49.0
4 75 49.0
4 76 48.0
4 77 80.0
4 78 51.0
4 79 25.0
4 80 49.0
4 81 57.0
4 82 57.0
4 83 51.0
4 84 36.0
4 85 20.0
4 86 18.0
4 87 21.0
4 88 45.0
4 89 53.0
4 90 71.0
4 91 62.0
4 92 38.0
4 93 12.0
4 94 69.0
4 95 43.0
4 96 62.0
4 97 46.0
4 98 36.0
4 99 43.0
5 6 50.0
5 7 76.0
5 8 53.0
5 9 58.0
5 10 61.0
5 11 18.0
5 12 63.0
5 13 42.0
5 14 40.0
5 15 43.0
5 16 73.0
5 17 79.0
5 18 44.0
5 19 40.0
5 20 25.0
5 21 73.0
5 22 38.0
5 23 51.0
5 24 48.0
5 25 47.0
5 26 54.0
5 27 43.0
5 28 64.0
5 29 54.0
5 30 55.0
5 31 26.0
5 32 64.0
5 33 50.0
5 34 70.0
5 35 62.0
5 36 46.0
5 37 54.0
5 38 54.0
5 39 34.0
5 40 60.0
5 41 34.0
5 42 47.0
5 43 50.0
5 44 56.0
5 45 38.0
5 46 25.0
5 47 36.0
5 48 29.0
5 49 77.0
5 50 36.0
5 51 45.0
5 52 51.0
5 53 62.0
5 54 84.0
5 55 71.0
5 56 67.0
5 57 47.0
5 58 63.0
5 59 56.0
5 60 43.0
5 61 58.0
5 62 59.0
5 63 66.0
5 64 51.0
5 65 45.0
5 66 77.0
5 67 60.0
5 68 103.0
5 69 64.0
5 70 47.0
5 71 73.0
5 72 67.0
5 73 66.0
5 74 71.0
5 75 44.0
5 76 74.0
5 77 18.0
5 78 17.0
5 79 48.0
5 80 60.0
5 81 28.0
5 82 56.0
5 83 62.0
5 84 54.0
5 85 67.0
5 86 57.0
5 87 77.0
5 88 77.0
5 89 58.0
5 90 9.0
5 91 34.0
5 92 30.0
5 93 54.0
5 94 33.0
5 95 25.0
5 96 33.0
5 97 52.0
5 98 91.0
5 99 59.0
6 7 59.0
6 8 78.0
6 9 59.0
6 10 55.0
6 11 50.0
6 12 70.0
6 13 33.0
6 14 48.0
6 15 7.0
6 16 63.0
6 17 63.0
6 18 52.0
6 19 44.0
6 20 55.0
6 21 74.0
6 22 46.0
6 23 69.0
6 24 37.0
6 25 69.0
6 26 58.0
6 27 41.0
6 28 59.0
6 29 54.0
6 30 63.0
6 31 58.0
6 32 52.0
6 33 63.0
6 34 53.0
6 35 70.0
6 36 50.0
6 37 55.0
6 38 54.0
6 39 41.0
6 40 54.0
6 41 41.0
6 42 47.0
6 43 16.0
6 44 22.0
6 45 42.0
6 46 57.0
6 47 30.0
6 48 37.0
6 49 72.0
6 50 44.0
6 51 27.0
6 52 59.0
6 53 66.0
6 54 63.0
6 55 67.0
6 56 66.0
6 57 55.0
6 58 67.0
6 59 64.0
6 60 59.0
6 61 62.0
6 62 54.0
6 63 74.0
6 64 34.0
6 65 63.0
6 66 61.0
6 67 76.0
6 68 76.0
6 69 68.0
6 70 51.0
6 71 81.0
6 72 80.0
6 73 22.0
6 74 36.0
6 75 76.0
6 76 55.0
6 77 50.0
6 78 55.0
6 79 56.0
6 80 26.0
6 81 44.0
6 82 64.0
6 83 38.0
6 84 55.0
6 85 66.0
6 86 57.0
6 87 61.0
6 88 59.0
6 89 67.0
6 90 41.0
6 91 50.0
6 92 38.0
6 93 62.0
6 94 65.0
6 95 50.0
6 96 49.0
6 97 60.0
6 98 76.0
6 99 48.0
7 8 76.0
7 9 71.0
7 10 76.0
7 11 76.0
7 12 71.0
7 13 50.0
7 14 45.0
7 15 52.0
7 16 57.0
7 17 84.0
7 18 46.0
7 19 41.0
7 20 72.0
7 21 86.0
7 22 43.0
7 23 69.0
7 24 28.0
7 25 110.0
7 26 80.0
7 27 44.0
7 28 48.0
7 29 75.0
7 30 76.0
7 31 55.0
7 32 78.0
7 33 71.0
7 34 80.0
7 35 67.0
7 36 60.0
7 37 67.0
7 38 75.0
7 39 42.0
7 40 83.0
7 41 42.0
7 42 68.0
7 43 61.0
7 44 67.0
7 45 68.0
7 46 77.0
7 47 59.0
7 48 52.0
7 49 93.0
7 50 57.0
7 51 32.0
7 52 59.0
7 53 63.0
7 54 64.0
7 55 76.0
7 56 96.0
7 57 70.0
7 58 72.0
7 59 58.0
7 60 57.0
7 61 59.0
7 62 43.0
7 63 71.0
7 64 25.0
7 65 63.0
7 66 82.0
7 67 73.0
7 68 77.0
7 69 79.0
7 70 61.0
7 71 75.0
7 72 80.0
7 73 81.0
7 74 89.0
7 75 84.0
7 76 88.0
7 77 81.0
7 78 59.0
7 79 69.0
7 80 71.0
7 81 49.0
7 82 58.0
7 83 94.0
7 84 67.0
7 85 96.0
7 86 83.0
7 87 82.0
7 88 61.0
7 89 93.0
7 90 72.0
7 91 47.0
7 92 51.0
7 93 77.0
7 94 96.0
7 95 51.0
7 96 54.0
7 97 57.0
7 98 93.0
7 99 77.0
8 9 60.0
8 10 56.0
8 11 35.0
8 12 65.0
8 13 54.0
8 14 61.0
8 15 71.0
8 16 37.0
8 17 67.0
8 18 65.0
8 19 68.0
8 20 61.0
8 21 75.0
8 22 63.0
8 23 36.0
8 24 61.0
8 25 82.0
8 26 39.0
8 27 65.0
8 28 28.0
8 29 73.0
8 30 49.0
8 31 61.0
8 32 59.0
8 33 73.0
8 34 50.0
8 35 46.0
8 36 40.0
8 37 56.0
8 38 73.0
8 39 58.0
8 40 79.0
8 41 58.0
8 42 66.0
8 43 78.0
8 44 72.0
8 45 48.0
8 46 28.0
8 47 77.0
8 48 70.0
8 49 83.0
8 50 72.0
8 51 51.0
8 52 71.0
8 53 86.0
8 54 97.0
8 55 59.0
8 56 61.0
8 57 53.0
8 58 36.0
8 59 77.0
8 60 63.0
8 61 60.0
8 62 33.0
8 63 60.0
8 64 58.0
8 65 30.0
8 66 65.0
8 67 95.0
8 68 110.0
8 69 29.0
8 70 41.0
8 71 89.0
8 72 60.0
8 73 71.0
8 74 57.0
8 75 9.0
8 76 69.0
8 77 53.0
8 78 58.0
8 79 51.0
8 80 68.0
8 81 68.0
8 82 77.0
8 83 64.0
8 84 56.0
8 85 61.0
8 86 64.0
8 87 65.0
8 88 41.0
8 89 74.0
8 90 44.0
8 91 69.0
8 92 69.0
8 93 46.0
8 94 68.0
8 95 50.0
8 96 71.0
8 97 49.0
8 98 80.0
8 99 45.0
9 10 62.0
9 11 57.0
9 12 33.0
9 13 66.0
9 14 39.0
9 15 52.0
9 16 70.0
9 17 40.0
9 18 35.0
9 19 30.0
9 20 67.0
9 21 23.0
9 22 39.0
9 23 24.0
9 24 57.0
9 25 52.0
9 26 21.0
9 27 33.0
9 28 70.0
9 29 21.0
9 30 37.0
9 31 44.0
9 32 61.0
9 33 52.0
9 34 36.0
9 35 39.0
9 36 46.0
9 37 4.0
9 38 21.0
9 39 58.0
9 40 63.0
9 41 58.0
9 42 14.0
9 43 43.0
9 44 37.0
9 45 54.0
9 46 50.0
9 47 39.0
9 48 32.0
9 49 55.0
9 50 37.0
9 51 47.0
9 52 48.0
9 53 52.0
9 54 70.0
9 55 48.0
9 56 43.0
9 57 50.0
9 58 38.0
9 59 47.0
9 60 15.0
9 61 12.0
9 62 67.0
9 63 65.0
9 64 54.0
9 65 30.0
9 66 42.0
9 67 50.0
9 68 94.0
9 69 31.0
9 70 45.0
9 71 60.0
9 72 69.0
9 73 40.0
9 74 51.0
9 75 51.0
9 76 62.0
9 77 70.0
9 78 41.0
9 79 44.0
9 80 33.0
9 81 30.0
9 82 47.0
9 83 56.0
9 84 4.0
9 85 43.0
9 86 22.0
9 87 42.0
9 88 66.0
9 89 70.0
9 90 61.0
9 91 36.0
9 92 31.0
9 93 46.0
9 94 66.0
9 95 49.0
9 96 35.0
9 97 51.0
9 98 57.0
9 99 45.0
10 11 58.0
10 12 63.0
10 13 42.0
10 14 39.0
10 15 48.0
10 16 31.0
10 17 56.0
10 18 35.0
10 19 66.0
10 20 37.0
10 21 77.0
10 22 41.0
10 23 55.0
10 24 48.0
10 25 50.0
10 26 43.0
10 27 69.0
10 28 40.0
10 29 67.0
10 30 68.0
10 31 54.0
10 32 3.0
10 33 84.0
10 34 37.0
10 35 60.0
10 36 16.0
10 37 58.0
10 38 67.0
10 39 34.0
10 40 61.0
10 41 34.0
10 42 60.0
10 43 39.0
10 44 33.0
10 45 24.0
10 46 65.0
10 47 37.0
10 48 44.0
10 49 85.0
10 50 49.0
10 51 58.0
10 52 47.0
10 53 62.0
10 54 74.0
10 55 53.0
10 56 21.0
10 57 60.0
10 58 51.0
10 59 47.0
10 60 69.0
10 61 64.0
10 62 39.0
10 63 65.0
10 64 51.0
10 65 61.0
10 66 54.0
10 67 86.0
10 68 100.0
10 69 53.0
10 70 17.0
10 71 62.0
10 72 72.0
10 73 68.0
10 74 82.0
10 75 47.0
10 76 13.0
10 77 76.0
10 78 51.0
10 79 61.0
10 80 37.0
10 81 62.0
10 82 23.0
10 83 84.0
10 84 58.0
10 85 21.0
10 86 47.0
10 87 54.0
10 88 35.0
10 89 18.0
10 90 67.0
10 91 60.0
10 92 43.0
10 93 53.0
10 94 64.0
10 95 43.0
10 96 67.0
10 97 51.0
10 98 69.0
10 99 76.0
11 12 75.0
11 13 54.0
11 14 31.0
11 15 43.0
11 16 55.0
11 17 70.0
11 18 35.0
11 19 40.0
11 20 43.0
11 21 72.0
11 22 33.0
11 23 53.0
11 24 54.0
11 25 47.0
11 26 70.0
11 27 43.0
11 28 46.0
11 29 65.0
11 30 66.0
11 31 26.0
11 32 55.0
11 33 68.0
11 34 76.0
11 35 57.0
11 36 57.0
11 37 53.0
11 38 65.0
11 39 46.0
11 40 73.0
11 41 46.0
11 42 58.0
11 43 52.0
11 44 51.0
11 45 56.0
11 46 7.0
11 47 49.0
11 48 42.0
11 49 90.0
11 50 47.0
11 51 57.0
11 52 48.0
11 53 62.0
11 54 84.0
11 55 62.0
11 56 67.0
11 57 60.0
11 58 62.0
11 59 47.0
11 60 42.0
11 61 58.0
11 62 41.0
11 63 57.0
11 64 51.0
11 65 47.0
11 66 68.0
11 67 60.0
11 68 101.0
11 69 64.0
11 70 58.0
11 71 64.0
11 72 78.0
11 73 72.0
11 74 74.0
11 75 26.0
11 76 65.0
11 77 18.0
11 78 35.0
11 79 59.0
11 80 47.0
11 81 46.0
11 82 47.0
11 83 80.0
11 84 53.0
11 85 67.0
11 86 71.0
11 87 68.0
11 88 59.0
11 89 40.0
11 90 9.0
11 91 34.0
11 92 41.0
11 93 63.0
11 94 33.0
11 95 37.0
11 96 51.0
11 97 43.0
11 98 82.0
11 99 62.0
12 13 37.0
12 14 66.0
12 15 73.0
12 16 46.0
12 17 53.0
12 18 67.0
12 19 55.0
12 20 68.0
12 21 48.0
12 22 64.0
12 23 57.0
12 24 43.0
12 25 77.0
12 26 46.0
12 27 55.0
12 28 37.0
12 29 46.0
12 30 54.0
12 31 49.0
12 32 66.0
12 33 77.0
12 34 34.0
12 35 64.0
12 36 47.0
12 37 29.0
12 38 46.0
12 39 29.0
12 40 81.0
12 41 29.0
12 42 39.0
12 43 68.0
12 44 62.0
12 45 55.0
12 46 75.0
12 47 64.0
12 48 57.0
12 49 22.0
12 50 62.0
12 51 53.0
12 52 77.0
12 53 77.0
12 54 79.0
12 55 57.0
12 56 50.0
12 57 49.0
12 58 40.0
12 59 79.0
12 60 40.0
12 61 37.0
12 62 42.0
12 63 88.0
12 64 46.0
12 65 58.0
12 66 51.0
12 67 75.0
12 68 98.0
12 69 47.0
12 70 48.0
12 71 38.0
12 72 69.0
12 73 65.0
12 74 76.0
12 75 74.0
12 76 76.0
12 77 75.0
12 78 46.0
12 79 47.0
12 80 58.0
12 81 55.0
12 82 79.0
12 83 81.0
12 84 29.0
12 85 50.0
12 86 47.0
12 87 51.0
12 88 43.0
12 89 81.0
12 90 66.0
12 91 57.0
12 92 56.0
12 93 42.0
12 94 90.0
12 95 38.0
12 96 60.0
12 97 58.0
12 98 56.0
12 99 73.0
13 14 45.0
13 15 40.0
13 16 35.0
13 17 57.0
13 18 46.0
13 19 42.0
13 20 47.0
13 21 81.0
13 22 43.0
13 23 43.0
13 24 22.0
13 25 83.0
13 26 62.0
13 27 45.0
13 28 26.0
13 29 75.0
13 30 56.0
13 31 28.0
13 32 45.0
13 33 58.0
13 34 46.0
13 35 67.0
13 36 26.0
13 37 62.0
13 38 75.0
13 39 8.0
13 40 75.0
13 41 8.0
13 42 68.0
13 43 37.0
13 44 43.0
13 45 34.0
13 46 55.0
13 47 51.0
13 48 52.0
13 49 59.0
13 50 45.0
13 51 32.0
13 52 57.0
13 53 64.0
13 54 58.0
13 55 56.0
13 56 62.0
13 57 60.0
13 58 52.0
13 59 58.0
13 60 51.0
13 61 60.0
13 62 21.0
13 63 67.0
13 64 25.0
13 65 37.0
13 66 55.0
13 67 62.0
13 68 77.0
13 69 59.0
13 70 27.0
13 71 75.0
13 72 58.0
13 73 55.0
13 74 64.0
13 75 57.0
13 76 55.0
13 77 54.0
13 78 25.0
13 79 63.0
13 80 47.0
13 81 36.0
13 82 58.0
13 83 60.0
13 84 62.0
13 85 62.0
13 86 60.0
13 87 55.0
13 88 39.0
13 89 60.0
13 90 45.0
13 91 36.0
13 92 51.0
13 93 53.0
13 94 69.0
13 95 17.0
13 96 41.0
13 97 37.0
13 98 70.0
13 99 52.0
14 15 41.0
14 16 42.0
14 17 39.0
14 18 4.0
14 19 44.0
14 20 65.0
14 21 56.0
14 22 2.0
14 23 48.0
14 24 23.0
14 25 78.0
14 26 43.0
14 27 41.0
14 28 33.0
14 29 34.0
14 30 35.0
14 31 57.0
14 32 36.0
14 33 66.0
14 34 45.0
14 35 26.0
14 36 48.0
14 37 37.0
14 38 34.0
14 39 37.0
14 40 42.0
14 41 37.0
14 42 27.0
14 43 32.0
14 44 38.0
14 45 56.0
14 46 38.0
14 47 18.0
14 48 11.0
14 49 59.0
14 50 16.0
14 51 27.0
14 52 17.0
14 53 66.0
14 54 59.0
14 55 31.0
14 56 54.0
14 57 29.0
14 58 31.0
14 59 16.0
14 60 48.0
14 61 45.0
14 62 28.0
14 63 26.0
14 64 20.0
14 65 52.0
14 66 37.0
14 67 63.0
14 68 70.0
14 69 38.0
14 70 49.0
14 71 33.0
14 72 65.0
14 73 70.0
14 74 79.0
14 75 57.0
14 76 46.0
14 77 49.0
14 78 54.0
14 79 28.0
14 80 42.0
14 81 44.0
14 82 16.0
14 83 73.0
14 84 37.0
14 85 54.0
14 86 55.0
14 87 37.0
14 88 46.0
14 89 51.0
14 90 40.0
14 91 50.0
14 92 10.0
14 93 36.0
14 94 64.0
14 95 46.0
14 96 49.0
14 97 12.0
14 98 51.0
14 99 67.0
15 16 56.0
15 17 56.0
15 18 45.0
15 19 37.0
15 20 48.0
15 21 67.0
15 22 39.0
15 23 68.0
15 24 30.0
15 25 62.0
15 26 55.0
15 27 34.0
15 28 65.0
15 29 47.0
15 30 56.0
15 31 51.0
15 32 45.0
15 33 59.0
15 34 60.0
15 35 63.0
15 36 43.0
15 37 48.0
15 38 47.0
15 39 44.0
15 40 47.0
15 41 44.0
15 42 40.0
15 43 9.0
15 44 15.0
15 45 35.0
15 46 50.0
15 47 23.0
15 48 30.0
15 49 65.0
15 50 37.0
15 51 20.0
15 52 52.0
15 53 59.0
15 54 56.0
15 55 60.0
15 56 59.0
15 57 48.0
15 58 64.0
15 59 57.0
15 60 52.0
15 61 55.0
15 62 61.0
15 63 67.0
15 64 27.0
15 65 69.0
15 66 54.0
15 67 69.0
15 68 79.0
15 69 65.0
15 70 44.0
15 71 74.0
15 72 76.0
15 73 29.0
15 74 43.0
15 75 69.0
15 76 48.0
15 77 43.0
15 78 48.0
15 79 49.0
15 80 19.0
15 81 37.0
15 82 57.0
15 83 45.0
15 84 48.0
15 85 59.0
15 86 50.0
15 87 54.0
15 88 52.0
15 89 60.0
15 90 34.0
15 91 43.0
15 92 31.0
15 93 55.0
15 94 58.0
15 95 53.0
15 96 42.0
15 97 53.0
15 98 69.0
15 99 55.0
16 17 30.0
16 18 46.0
16 19 76.0
16 20 68.0
16 21 85.0
16 22 44.0
16 23 73.0
16 24 57.0
16 25 75.0
16 26 63.0
16 27 79.0
16 28 9.0
16 29 76.0
16 30 77.0
16 31 63.0
16 32 28.0
16 33 58.0
16 34 45.0
16 35 68.0
16 36 47.0
16 37 66.0
16 38 76.0
16 39 43.0
16 40 42.0
16 41 43.0
16 42 69.0
16 43 47.0
16 44 41.0
16 45 55.0
16 46 48.0
16 47 47.0
16 48 53.0
16 49 65.0
16 50 58.0
16 51 67.0
16 52 47.0
16 53 87.0
16 54 74.0
16 55 22.0
16 56 46.0
16 57 58.0
16 58 55.0
16 59 58.0
16 60 77.0
16 61 74.0
16 62 14.0
16 63 68.0
16 64 60.0
16 65 67.0
16 66 28.0
16 67 96.0
16 68 100.0
16 69 62.0
16 70 48.0
16 71 57.0
16 72 41.0
16 73 76.0
16 74 78.0
16 75 46.0
16 76 38.0
16 77 64.0
16 78 60.0
16 79 70.0
16 80 45.0
16 81 71.0
16 82 48.0
16 83 92.0
16 84 66.0
16 85 46.0
16 86 59.0
16 87 28.0
16 88 4.0
16 89 43.0
16 90 64.0
16 91 70.0
16 92 52.0
16 93 61.0
16 94 79.0
16 95 52.0
16 96 75.0
16 97 30.0
16 98 43.0
16 99 82.0
17 18 43.0
17 19 62.0
17 20 86.0
17 21 55.0
17 22 41.0
17 23 57.0
17 24 62.0
17 25 84.0
17 26 50.0
17 27 65.0
17 28 39.0
17 29 53.0
17 30 55.0
17 31 69.0
17 32 53.0
17 33 84.0
17 34 19.0
17 35 65.0
17 36 67.0
17 37 36.0
17 38 53.0
17 39 49.0
17 40 64.0
17 41 49.0
17 42 46.0
17 43 65.0
17 44 63.0
17 45 75.0
17 46 77.0
17 47 57.0
17 48 50.0
17 49 72.0
17 50 55.0
17 51 66.0
17 52 56.0
17 53 65.0
17 54 60.0
17 55 8.0
17 56 35.0
17 57 42.0
17 58 33.0
17 59 55.0
17 60 47.0
17 61 44.0
17 62 43.0
17 63 65.0
17 64 59.0
17 65 51.0
17 66 2.0
17 67 82.0
17 68 104.0
17 69 40.0
17 70 68.0
17 71 35.0
17 72 71.0
17 73 50.0
17 74 64.0
17 75 72.0
17 76 63.0
17 77 88.0
17 78 66.0
17 79 48.0
17 80 64.0
17 81 62.0
17 82 55.0
17 83 66.0
17 84 36.0
17 85 35.0
17 86 33.0
17 87 2.0
17 88 26.0
17 89 68.0
17 90 79.0
17 91 68.0
17 92 49.0
17 93 35.0
17 94 84.0
17 95 58.0
17 96 67.0
17 97 27.0
17 98 17.0
17 99 66.0
18 19 45.0
18 20 65.0
18 21 58.0
18 22 6.0
18 23 52.0
18 24 24.0
18 25 79.0
18 26 47.0
18 27 42.0
18 28 37.0
18 29 38.0
18 30 39.0
18 31 58.0
18 32 32.0
18 33 67.0
18 34 49.0
18 35 30.0
18 36 44.0
18 37 39.0
18 38 38.0
18 39 38.0
18 40 46.0
18 41 38.0
18 42 31.0
18 43 36.0
18 44 42.0
18 45 52.0
18 46 42.0
18 47 22.0
18 48 15.0
18 49 63.0
18 50 20.0
18 51 28.0
18 52 13.0
18 53 67.0
18 54 60.0
18 55 35.0
18 56 50.0
18 57 33.0
18 58 35.0
18 59 12.0
18 60 50.0
18 61 47.0
18 62 32.0
18 63 30.0
18 64 21.0
18 65 56.0
18 66 41.0
18 67 67.0
18 68 66.0
18 69 42.0
18 70 45.0
18 71 29.0
18 72 69.0
18 73 74.0
18 74 83.0
18 75 61.0
18 76 42.0
18 77 53.0
18 78 55.0
18 79 32.0
18 80 46.0
18 81 45.0
18 82 12.0
18 83 77.0
18 84 39.0
18 85 50.0
18 86 57.0
18 87 41.0
18 88 50.0
18 89 47.0
18 90 44.0
18 91 51.0
18 92 14.0
18 93 40.0
18 94 68.0
18 95 47.0
18 96 50.0
18 97 16.0
18 98 47.0
18 99 71.0
19 20 60.0
19 21 45.0
19 22 42.0
19 23 51.0
19 24 27.0
19 25 69.0
19 26 39.0
19 27 3.0
19 28 68.0
19 29 38.0
19 30 42.0
19 31 14.0
19 32 63.0
19 33 53.0
19 34 53.0
19 35 40.0
19 36 52.0
19 37 26.0
19 38 43.0
19 39 34.0
19 40 82.0
19 41 34.0
19 42 36.0
19 43 46.0
19 44 52.0
19 45 60.0
19 46 47.0
19 47 58.0
19 48 51.0
19 49 77.0
19 50 56.0
19 51 17.0
19 52 58.0
19 53 22.0
19 54 63.0
19 55 70.0
19 56 55.0
19 57 68.0
19 58 56.0
19 59 57.0
19 60 16.0
19 61 18.0
19 62 63.0
19 63 69.0
19 64 24.0
19 65 45.0
19 66 64.0
19 67 32.0
19 68 76.0
19 69 49.0
19 70 53.0
19 71 74.0
19 72 70.0
19 73 62.0
19 74 48.0
19 75 66.0
19 76 73.0
19 77 40.0
19 78 30.0
19 79 49.0
19 80 55.0
19 81 31.0
19 82 57.0
19 83 68.0
19 84 26.0
19 85 55.0
19 86 44.0
19 87 64.0
19 88 80.0
19 89 78.0
19 90 31.0
19 91 6.0
19 92 50.0
19 93 61.0
19 94 55.0
19 95 25.0
19 96 36.0
19 97 56.0
19 98 79.0
19 99 36.0
20 21 82.0
20 22 63.0
20 23 74.0
20 24 50.0
20 25 72.0
20 26 79.0
20 27 57.0
20 28 73.0
20 29 79.0
20 30 80.0
20 31 51.0
20 32 40.0
20 33 75.0
20 34 67.0
20 35 87.0
20 36 21.0
20 37 63.0
20 38 79.0
20 39 39.0
20 40 85.0
20 41 39.0
20 42 72.0
20 43 57.0
20 44 63.0
20 45 13.0
20 46 50.0
20 47 61.0
20 48 54.0
20 49 90.0
20 50 61.0
20 51 43.0
20 52 52.0
20 53 82.0
20 54 86.0
20 55 90.0
20 56 58.0
20 57 72.0
20 58 81.0
20 59 77.0
20 60 68.0
20 61 71.0
20 62 68.0
20 63 87.0
20 64 47.0
20 65 68.0
20 66 84.0
20 67 85.0
20 68 95.0
20 69 88.0
20 70 22.0
20 71 94.0
20 72 92.0
20 73 41.0
20 74 55.0
20 75 52.0
20 76 50.0
20 77 43.0
20 78 42.0
20 79 73.0
20 80 67.0
20 81 53.0
20 82 60.0
20 83 57.0
20 84 63.0
20 85 58.0
20 86 81.0
20 87 84.0
20 88 72.0
20 89 55.0
20 90 34.0
20 91 59.0
20 92 55.0
20 93 79.0
20 94 58.0
20 95 48.0
20 96 58.0
20 97 77.0
20 98 99.0
20 99 67.0
21 22 54.0
21 23 47.0
21 24 72.0
21 25 67.0
21 26 36.0
21 27 48.0
21 28 85.0
21 29 36.0
21 30 60.0
21 31 59.0
21 32 76.0
21 33 67.0
21 34 51.0
21 35 54.0
21 36 61.0
21 37 19.0
21 38 36.0
21 39 73.0
21 40 78.0
21 41 73.0
21 42 29.0
21 43 58.0
21 44 52.0
21 45 69.0
21 46 65.0
21 47 54.0
21 48 47.0
21 49 70.0
21 50 52.0
21 51 62.0
21 52 67.0
21 53 67.0
21 54 85.0
21 55 63.0
21 56 58.0
21 57 65.0
21 58 53.0
21 59 70.0
21 60 30.0
21 61 27.0
21 62 84.0
21 63 82.0
21 64 69.0
21 65 53.0
21 66 57.0
21 67 65.0
21 68 110.0
21 69 46.0
21 70 60.0
21 71 75.0
21 72 84.0
21 73 63.0
21 74 66.0
21 75 74.0
21 76 77.0
21 77 85.0
21 78 56.0
21 79 64.0
21 80 48.0
21 81 45.0
21 82 62.0
21 83 79.0
21 84 19.0
21 85 58.0
21 86 37.0
21 87 57.0
21 88 81.0
21 89 73.0
21 90 76.0
21 91 51.0
21 92 46.0
21 93 67.0
21 94 81.0
21 95 64.0
21 96 50.0
21 97 68.0
21 98 72.0
21 99 68.0
22 23 46.0
22 24 21.0
22 25 80.0
22 26 45.0
22 27 39.0
22 28 35.0
22 29 32.0
22 30 33.0
22 31 55.0
22 32 38.0
22 33 64.0
22 34 43.0
22 35 24.0
22 36 50.0
22 37 35.0
22 38 32.0
22 39 35.0
22 40 40.0
22 41 35.0
22 42 25.0
22 43 30.0
22 44 36.0
22 45 58.0
22 46 40.0
22 47 16.0
22 48 9.0
22 49 57.0
22 50 14.0
22 51 25.0
22 52 19.0
22 53 64.0
22 54 57.0
22 55 33.0
22 56 56.0
22 57 27.0
22 58 29.0
22 59 18.0
22 60 46.0
22 61 43.0
22 62 30.0
22 63 28.0
22 64 18.0
22 65 50.0
22 66 39.0
22 67 61.0
22 68 70.0
22 69 36.0
22 70 51.0
22 71 35.0
22 72 67.0
22 73 68.0
22 74 77.0
22 75 59.0
22 76 48.0
22 77 51.0
22 78 52.0
22 79 26.0
22 80 40.0
22 81 42.0
22 82 18.0
22 83 71.0
22 84 35.0
22 85 56.0
22 86 53.0
22 87 39.0
22 88 48.0
22 89 53.0
22 90 42.0
22 91 48.0
22 92 8.0
22 93 34.0
22 94 66.0
22 95 44.0
22 96 47.0
22 97 14.0
22 98 53.0
22 99 65.0
23 24 49.0
23 25 76.0
23 26 45.0
23 27 52.0
23 28 64.0
23 29 45.0
23 30 13.0
23 31 37.0
23 32 52.0
23 33 64.0
23 34 38.0
23 35 63.0
23 36 53.0
23 37 28.0
23 38 45.0
23 39 35.0
23 40 69.0
23 41 35.0
23 42 38.0
23 43 59.0
23 44 61.0
23 45 61.0
23 46 46.0
23 47 45.0
23 48 38.0
23 49 59.0
23 50 36.0
23 51 59.0
23 52 51.0
23 53 62.0
23 54 85.0
23 55 61.0
23 56 54.0
23 57 29.0
23 58 35.0
23 59 64.0
23 60 39.0
23 61 36.0
23 62 64.0
23 63 74.0
23 64 52.0
23 65 6.0
23 66 55.0
23 67 71.0
23 68 86.0
23 69 42.0
23 70 54.0
23 71 80.0
23 72 81.0
23 73 47.0
23 74 33.0
23 75 27.0
23 76 42.0
23 77 63.0
23 78 34.0
23 79 20.0
23 80 57.0
23 81 45.0
23 82 64.0
23 83 63.0
23 84 28.0
23 85 54.0
23 86 46.0
23 87 55.0
23 88 77.0
23 89 67.0
23 90 54.0
23 91 45.0
23 92 38.0
23 93 22.0
23 94 78.0
23 95 26.0
23 96 47.0
23 97 60.0
23 98 62.0
23 99 21.0
24 25 89.0
24 26 65.0
24 27 24.0
24 28 48.0
24 29 53.0
24 30 54.0
24 31 34.0
24 32 51.0
24 33 49.0
24 34 52.0
24 35 45.0
24 36 32.0
24 37 53.0
24 38 53.0
24 39 14.0
24 40 61.0
24 41 14.0
24 42 46.0
24 43 39.0
24 44 45.0
24 45 40.0
24 46 61.0
24 47 37.0
24 48 30.0
24 49 65.0
24 50 35.0
24 51 10.0
24 52 37.0
24 53 49.0
24 54 36.0
24 55 54.0
24 56 68.0
24 57 48.0
24 58 48.0
24 59 36.0
24 60 42.0
24 61 45.0
24 62 43.0
24 63 49.0
24 64 3.0
24 65 43.0
24 66 60.0
24 67 59.0
24 68 55.0
24 69 55.0
24 70 33.0
24 71 53.0
24 72 66.0
24 73 59.0
24 74 69.0
24 75 63.0
24 76 61.0
24 77 60.0
24 78 31.0
24 79 47.0
24 80 49.0
24 81 27.0
24 82 36.0
24 83 66.0
24 84 53.0
24 85 68.0
24 86 61.0
24 87 60.0
24 88 61.0
24 89 66.0
24 90 51.0
24 91 33.0
24 92 29.0
24 93 55.0
24 94 75.0
24 95 23.0
24 96 32.0
24 97 35.0
24 98 71.0
24 99 57.0
25 26 65.0
25 27 72.0
25 28 84.0
25 29 65.0
25 30 89.0
25 31 55.0
25 32 47.0
25 33 86.0
25 34 79.0
25 35 83.0
25 36 66.0
25 37 48.0
25 38 65.0
25 39 75.0
25 40 91.0
25 41 75.0
25 42 58.0
25 43 53.0
25 44 59.0
25 45 74.0
25 46 54.0
25 47 67.0
25 48 74.0
25 49 99.0
25 50 81.0
25 51 82.0
25 52 92.0
25 53 91.0
25 54 100.0
25 55 92.0
25 56 63.0
25 57 78.0
25 58 82.0
25 59 91.0
25 60 59.0
25 61 56.0
25 62 83.0
25 63 104.0
25 64 89.0
25 65 79.0
25 66 86.0
25 67 89.0
25 68 139.0
25 69 75.0
25 70 67.0
25 71 104.0
25 72 69.0
25 73 91.0
25 74 95.0
25 75 73.0
25 76 57.0
25 77 29.0
25 78 64.0
25 79 93.0
25 80 63.0
25 81 74.0
25 82 67.0
25 83 107.0
25 84 48.0
25 85 63.0
25 86 66.0
25 87 86.0
25 88 79.0
25 89 62.0
25 90 38.0
25 91 63.0
25 92 75.0
25 93 71.0
25 94 14.0
25 95 66.0
25 96 79.0
25 97 90.0
25 98 101.0
25 99 94.0
26 27 42.0
26 28 67.0
26 29 34.0
26 30 39.0
26 31 53.0
26 32 40.0
26 33 54.0
26 34 31.0
26 35 52.0
26 36 59.0
26 37 17.0
26 38 34.0
26 39 54.0
26 40 76.0
26 41 54.0
26 42 27.0
26 43 56.0
26 44 50.0
26 45 67.0
26 46 63.0
26 47 52.0
26 48 45.0
26 49 68.0
26 50 50.0
26 51 56.0
26 52 60.0
26 53 61.0
26 54 83.0
26 55 54.0
26 56 22.0
26 57 46.0
26 58 17.0
26 59 59.0
26 60 28.0
26 61 21.0
26 62 71.0
26 63 69.0
26 64 63.0
26 65 51.0
26 66 48.0
26 67 63.0
26 68 98.0
26 69 10.0
26 70 58.0
26 71 63.0
26 72 71.0
26 73 61.0
26 74 60.0
26 75 48.0
26 76 50.0
26 77 72.0
26 78 37.0
26 79 32.0
26 80 46.0
26 81 43.0
26 82 59.0
26 83 45.0
26 84 17.0
26 85 22.0
26 86 35.0
26 87 48.0
26 88 67.0
26 89 55.0
26 90 63.0
26 91 45.0
26 92 44.0
26 93 39.0
26 94 71.0
26 95 45.0
26 96 48.0
26 97 55.0
26 98 63.0
26 99 66.0
27 28 71.0
27 29 41.0
27 30 39.0
27 31 17.0
27 32 66.0
27 33 53.0
27 34 56.0
27 35 38.0
27 36 55.0
27 37 29.0
27 38 46.0
27 39 37.0
27 40 79.0
27 41 37.0
27 42 39.0
27 43 43.0
27 44 49.0
27 45 63.0
27 46 50.0
27 47 55.0
27 48 48.0
27 49 77.0
27 50 53.0
27 51 14.0
27 52 55.0
27 53 25.0
27 54 60.0
27 55 72.0
27 56 58.0
27 57 66.0
27 58 59.0
27 59 54.0
27 60 19.0
27 61 21.0
27 62 66.0
27 63 67.0
27 64 21.0
27 65 48.0
27 66 67.0
27 67 35.0
27 68 73.0
27 69 52.0
27 70 56.0
27 71 71.0
27 72 70.0
27 73 59.0
27 74 45.0
27 75 69.0
27 76 76.0
27 77 43.0
27 78 33.0
27 79 46.0
27 80 53.0
27 81 31.0
27 82 54.0
27 83 71.0
27 84 29.0
27 85 58.0
27 86 47.0
27 87 67.0
27 88 83.0
27 89 81.0
27 90 34.0
27 91 9.0
27 92 47.0
27 93 64.0
27 94 58.0
27 95 28.0
27 96 36.0
27 97 53.0
27 98 82.0
27 99 33.0
28 29 67.0
28 30 68.0
28 31 54.0
28 32 37.0
28 33 49.0
28 34 54.0
28 35 59.0
28 36 52.0
28 37 66.0
28 38 67.0
28 39 34.0
28 40 51.0
28 41 34.0
28 42 60.0
28 43 56.0
28 44 50.0
28 45 60.0
28 46 39.0
28 47 51.0
28 48 44.0
28 49 59.0
28 50 49.0
28 51 58.0
28 52 50.0
28 53 90.0
28 54 83.0
28 55 31.0
28 56 55.0
28 57 49.0
28 58 64.0
28 59 49.0
28 60 74.0
28 61 74.0
28 62 5.0
28 63 59.0
28 64 51.0
28 65 58.0
28 66 37.0
28 67 88.0
28 68 103.0
28 69 57.0
28 70 53.0
28 71 66.0
28 72 32.0
28 73 81.0
28 74 69.0
28 75 37.0
28 76 47.0
28 77 64.0
28 78 51.0
28 79 61.0
28 80 54.0
28 81 62.0
28 82 49.0
28 83 86.0
28 84 66.0
28 85 55.0
28 86 68.0
28 87 37.0
28 88 13.0
28 89 52.0
28 90 55.0
28 91 62.0
28 92 43.0
28 93 56.0
28 94 79.0
28 95 43.0
28 96 66.0
28 97 21.0
28 98 52.0
28 99 73.0
29 30 49.0
29 31 52.0
29 32 66.0
29 33 65.0
29 34 49.0
29 35 52.0
29 36 59.0
29 37 17.0
29 38 14.0
29 39 67.0
29 40 51.0
29 41 67.0
29 42 7.0
29 43 38.0
29 44 44.0
29 45 67.0
29 46 63.0
29 47 32.0
29 48 25.0
29 49 68.0
29 50 30.0
29 51 55.0
29 52 45.0
29 53 60.0
29 54 83.0
29 55 61.0
29 56 56.0
29 57 43.0
29 58 51.0
29 59 50.0
29 60 28.0
29 61 25.0
29 62 62.0
29 63 60.0
29 64 50.0
29 65 51.0
29 66 55.0
29 67 43.0
29 68 88.0
29 69 44.0
29 70 58.0
29 71 39.0
29 72 82.0
29 73 61.0
29 74 64.0
29 75 72.0
29 76 75.0
29 77 72.0
29 78 54.0
29 79 42.0
29 80 46.0
29 81 43.0
29 82 50.0
29 83 77.0
29 84 17.0
29 85 56.0
29 86 35.0
29 87 55.0
29 88 79.0
29 89 72.0
29 90 63.0
29 91 44.0
29 92 24.0
29 93 50.0
29 94 79.0
29 95 62.0
29 96 48.0
29 97 46.0
29 98 57.0
29 99 66.0
30 31 50.0
30 32 65.0
30 33 73.0
30 34 36.0
30 35 57.0
30 36 66.0
30 37 41.0
30 38 49.0
30 39 48.0
30 40 57.0
30 41 48.0
30 42 42.0
30 43 47.0
30 44 53.0
30 45 74.0
30 46 59.0
30 47 33.0
30 48 26.0
30 49 72.0
30 50 23.0
30 51 53.0
30 52 38.0
30 53 64.0
30 54 90.0
30 55 59.0
30 56 52.0
30 57 42.0
30 58 22.0
30 59 51.0
30 60 52.0
30 61 49.0
30 62 63.0
30 63 61.0
30 64 51.0
30 65 19.0
30 66 53.0
30 67 74.0
30 68 73.0
30 69 29.0
30 70 67.0
30 71 68.0
30 72 90.0
30 73 60.0
30 74 46.0
30 75 40.0
30 76 55.0
30 77 73.0
30 78 47.0
30 79 7.0
30 80 57.0
30 81 58.0
30 82 51.0
30 83 64.0
30 84 41.0
30 85 52.0
30 86 50.0
30 87 53.0
30 88 73.0
30 89 65.0
30 90 64.0
30 91 48.0
30 92 25.0
30 93 35.0
30 94 88.0
30 95 39.0
30 96 60.0
30 97 47.0
30 98 68.0
30 99 34.0
31 32 57.0
31 33 49.0
31 34 57.0
31 35 54.0
31 36 38.0
31 37 40.0
31 38 57.0
31 39 20.0
31 40 81.0
31 41 20.0
31 42 50.0
31 43 43.0
31 44 49.0
31 45 46.0
31 46 33.0
31 47 57.0
31 48 55.0
31 49 71.0
31 50 62.0
31 51 31.0
31 52 65.0
31 53 36.0
31 54 70.0
31 55 73.0
31 56 41.0
31 57 54.0
31 58 64.0
31 59 70.0
31 60 30.0
31 61 32.0
31 62 49.0
31 63 55.0
31 64 37.0
31 65 31.0
31 66 67.0
31 67 34.0
31 68 89.0
31 69 63.0
31 70 39.0
31 71 82.0
31 72 66.0
31 73 70.0
31 74 58.0
31 75 52.0
31 76 67.0
31 77 26.0
31 78 16.0
31 79 57.0
31 80 53.0
31 81 27.0
31 82 70.0
31 83 54.0
31 84 40.0
31 85 41.0
31 86 56.0
31 87 67.0
31 88 67.0
31 89 66.0
31 90 17.0
31 91 8.0
31 92 56.0
31 93 47.0
31 94 41.0
31 95 11.0
31 96 32.0
31 97 65.0
31 98 82.0
31 99 46.0
32 33 86.0
32 34 34.0
32 35 57.0
32 36 19.0
32 37 57.0
32 38 66.0
32 39 37.0
32 40 58.0
32 41 37.0
32 42 59.0
32 43 36.0
32 44 30.0
32 45 27.0
32 46 62.0
32 47 34.0
32 48 41.0
32 49 87.0
32 50 48.0
32 51 60.0
32 52 45.0
32 53 59.0
32 54 71.0
32 55 50.0
32 56 18.0
32 57 57.0
32 58 48.0
32 59 44.0
32 60 68.0
32 61 61.0
32 62 36.0
32 63 62.0
32 64 53.0
32 65 58.0
32 66 51.0
32 67 83.0
32 68 98.0
32 69 50.0
32 70 20.0
32 71 59.0
32 72 69.0
32 73 65.0
32 74 79.0
32 75 50.0
32 76 10.0
32 77 73.0
32 78 54.0
32 79 60.0
32 80 34.0
32 81 65.0
32 82 20.0
32 83 81.0
32 84 57.0
32 85 18.0
32 86 44.0
32 87 51.0
32 88 32.0
32 89 15.0
32 90 64.0
32 91 57.0
32 92 42.0
32 93 50.0
32 94 61.0
32 95 46.0
32 96 70.0
32 97 48.0
32 98 66.0
32 99 73.0
33 34 65.0
33 35 61.0
33 36 68.0
33 37 48.0
33 38 65.0
33 39 50.0
33 40 100.0
33 41 50.0
33 42 58.0
33 43 68.0
33 44 74.0
33 45 63.0
33 46 72.0
33 47 80.0
33 48 73.0
33 49 99.0
33 50 78.0
33 51 39.0
33 52 80.0
33 53 75.0
33 54 85.0
33 55 80.0
33 56 76.0
33 57 80.0
33 58 51.0
33 59 79.0
33 60 37.0
33 61 56.0
33 62 54.0
33 63 92.0
33 64 46.0
33 65 58.0
33 66 82.0
33 67 74.0
33 68 95.0
33 69 44.0
33 70 69.0
33 71 96.0
33 72 17.0
33 73 41.0
33 74 55.0
33 75 79.0
33 76 96.0
33 77 68.0
33 78 33.0
33 79 66.0
33 80 77.0
33 81 22.0
33 82 79.0
33 83 57.0
33 84 48.0
33 85 76.0
33 86 66.0
33 87 82.0
33 88 62.0
33 89 101.0
33 90 59.0
33 91 48.0
33 92 72.0
33 93 73.0
33 94 83.0
33 95 41.0
33 96 17.0
33 97 70.0
33 98 97.0
33 99 43.0
34 35 62.0
34 36 53.0
34 37 32.0
34 38 49.0
34 39 38.0
34 40 72.0
34 41 38.0
34 42 42.0
34 43 55.0
34 44 49.0
34 45 61.0
34 46 72.0
34 47 48.0
34 48 41.0
34 49 53.0
34 50 48.0
34 51 62.0
34 52 62.0
34 53 46.0
34 54 75.0
34 55 23.0
34 56 16.0
34 57 23.0
34 58 14.0
34 59 61.0
34 60 38.0
34 61 35.0
34 62 58.0
34 63 71.0
34 64 55.0
34 65 32.0
34 66 17.0
34 67 64.0
34 68 85.0
34 69 21.0
34 70 54.0
34 71 50.0
34 72 82.0
34 73 31.0
34 74 45.0
34 75 53.0
34 76 44.0
34 77 80.0
34 78 54.0
34 79 29.0
34 80 45.0
34 81 53.0
34 82 54.0
34 83 47.0
34 84 32.0
34 85 16.0
34 86 14.0
34 87 17.0
34 88 41.0
34 89 49.0
34 90 74.0
34 91 59.0
34 92 42.0
34 93 16.0
34 94 65.0
34 95 47.0
34 96 58.0
34 97 42.0
34 98 32.0
34 99 47.0
35 36 74.0
35 37 35.0
35 38 52.0
35 39 59.0
35 40 64.0
35 41 59.0
35 42 45.0
35 43 54.0
35 44 60.0
35 45 80.0
35 46 59.0
35 47 40.0
35 48 33.0
35 49 81.0
35 50 38.0
35 51 49.0
35 52 43.0
35 53 62.0
35 54 81.0
35 55 57.0
35 56 74.0
35 57 51.0
35 58 53.0
35 59 42.0
35 60 24.0
35 61 43.0
35 62 54.0
35 63 52.0
35 64 42.0
35 65 57.0
35 66 63.0
35 67 72.0
35 68 94.0
35 69 60.0
35 70 75.0
35 71 59.0
35 72 78.0
35 73 79.0
35 74 82.0
35 75 55.0
35 76 67.0
35 77 75.0
35 78 50.0
35 79 50.0
35 80 64.0
35 81 39.0
35 82 42.0
35 83 95.0
35 84 35.0
35 85 74.0
35 86 53.0
35 87 63.0
35 88 72.0
35 89 72.0
35 90 66.0
35 91 46.0
35 92 32.0
35 93 58.0
35 94 90.0
35 95 58.0
35 96 44.0
35 97 38.0
35 98 77.0
35 99 70.0
36 37 42.0
36 38 59.0
36 39 18.0
36 40 77.0
36 41 18.0
36 42 52.0
36 43 52.0
36 44 49.0
36 45 8.0
36 46 50.0
36 47 53.0
36 48 53.0
36 49 69.0
36 50 46.0
36 51 42.0
36 52 31.0
36 53 74.0
36 54 68.0
36 55 69.0
36 56 37.0
36 57 70.0
36 58 62.0
36 59 56.0
36 60 53.0
36 61 50.0
36 62 47.0
36 63 66.0
36 64 35.0
36 65 47.0
36 66 65.0
36 67 72.0
36 68 84.0
36 69 69.0
36 70 1.0
36 71 73.0
36 72 84.0
36 73 62.0
36 74 74.0
36 75 31.0
36 76 29.0
36 77 64.0
36 78 35.0
36 79 70.0
36 80 53.0
36 81 46.0
36 82 39.0
36 83 70.0
36 84 42.0
36 85 37.0
36 86 60.0
36 87 65.0
36 88 51.0
36 89 34.0
36 90 55.0
36 91 46.0
36 92 52.0
36 93 63.0
36 94 79.0
36 95 27.0
36 96 51.0
36 97 60.0
36 98 80.0
36 99 62.0
37 38 17.0
37 39 54.0
37 40 59.0
37 41 54.0
37 42 10.0
37 43 39.0
37 44 33.0
37 45 50.0
37 46 46.0
37 47 35.0
37 48 28.0
37 49 51.0
37 50 33.0
37 51 43.0
37 52 48.0
37 53 48.0
37 54 66.0
37 55 44.0
37 56 39.0
37 57 46.0
37 58 34.0
37 59 51.0
37 60 11.0
37 61 8.0
37 62 65.0
37 63 63.0
37 64 50.0
37 65 34.0
37 66 38.0
37 67 46.0
37 68 91.0
37 69 27.0
37 70 41.0
37 71 56.0
37 72 65.0
37 73 44.0
37 74 47.0
37 75 55.0
37 76 58.0
37 77 66.0
37 78 37.0
37 79 45.0
37 80 29.0
37 81 26.0
37 82 51.0
37 83 60.0
37 84 0.0
37 85 39.0
37 86 18.0
37 87 38.0
37 88 62.0
37 89 66.0
37 90 57.0
37 91 32.0
37 92 27.0
37 93 48.0
37 94 62.0
37 95 45.0
37 96 31.0
37 97 49.0
37 98 53.0
37 99 49.0
38 39 67.0
38 40 56.0
38 41 67.0
38 42 7.0
38 43 38.0
38 44 44.0
38 45 67.0
38 46 63.0
38 47 32.0
38 48 25.0
38 49 68.0
38 50 30.0
38 51 57.0
38 52 45.0
38 53 65.0
38 54 83.0
38 55 61.0
38 56 56.0
38 57 43.0
38 58 51.0
38 59 50.0
38 60 28.0
38 61 25.0
38 62 62.0
38 63 60.0
38 64 50.0
38 65 51.0
38 66 55.0
38 67 43.0
38 68 74.0
38 69 44.0
38 70 58.0
38 71 53.0
38 72 82.0
38 73 61.0
38 74 64.0
38 75 72.0
38 76 75.0
38 77 72.0
38 78 54.0
38 79 42.0
38 80 46.0
38 81 43.0
38 82 50.0
38 83 72.0
38 84 17.0
38 85 56.0
38 86 35.0
38 87 55.0
38 88 79.0
38 89 72.0
38 90 63.0
38 91 49.0
38 92 24.0
38 93 50.0
38 94 79.0
38 95 62.0
38 96 48.0
38 97 46.0
38 98 70.0
38 99 66.0
39 40 75.0
39 41 0.0
39 42 60.0
39 43 45.0
39 44 51.0
39 45 26.0
39 46 53.0
39 47 51.0
39 48 44.0
39 49 51.0
39 50 49.0
39 51 24.0
39 52 49.0
39 53 56.0
39 54 50.0
39 55 53.0
39 56 54.0
39 57 52.0
39 58 44.0
39 59 50.0
39 60 43.0
39 61 52.0
39 62 29.0
39 63 59.0
39 64 17.0
39 65 29.0
39 66 47.0
39 67 54.0
39 68 69.0
39 69 51.0
39 70 19.0
39 71 67.0
39 72 66.0
39 73 63.0
39 74 56.0
39 75 49.0
39 76 47.0
39 77 46.0
39 78 17.0
39 79 55.0
39 80 55.0
39 81 28.0
39 82 50.0
39 83 52.0
39 84 54.0
39 85 54.0
39 86 52.0
39 87 47.0
39 88 47.0
39 89 52.0
39 90 37.0
39 91 28.0
39 92 43.0
39 93 45.0
39 94 61.0
39 95 9.0
39 96 33.0
39 97 45.0
39 98 62.0
39 99 44.0
40 41 75.0
40 42 49.0
40 43 38.0
40 44 44.0
40 45 82.0
40 46 80.0
40 47 24.0
40 48 31.0
40 49 79.0
40 50 38.0
40 51 65.0
40 52 53.0
40 53 76.0
40 54 85.0
40 55 56.0
40 56 76.0
40 57 49.0
40 58 65.0
40 59 58.0
40 60 70.0
40 61 67.0
40 62 56.0
40 63 68.0
40 64 58.0
40 65 72.0
40 66 62.0
40 67 85.0
40 68 106.0
40 69 72.0
40 70 78.0
40 71 75.0
40 72 83.0
40 73 76.0
40 74 90.0
40 75 88.0
40 76 68.0
40 77 78.0
40 78 77.0
40 79 50.0
40 80 48.0
40 81 82.0
40 82 58.0
40 83 92.0
40 84 59.0
40 85 76.0
40 86 77.0
40 87 62.0
40 88 38.0
40 89 73.0
40 90 69.0
40 91 88.0
40 92 32.0
40 93 56.0
40 94 93.0
40 95 84.0
40 96 87.0
40 97 54.0
40 98 77.0
40 99 87.0
41 42 60.0
41 43 45.0
41 44 51.0
41 45 26.0
41 46 53.0
41 47 51.0
41 48 44.0
41 49 51.0
41 50 49.0
41 51 24.0
41 52 49.0
41 53 56.0
41 54 50.0
41 55 53.0
41 56 54.0
41 57 52.0
41 58 44.0
41 59 50.0
41 60 43.0
41 61 52.0
41 62 29.0
41 63 59.0
41 64 17.0
41 65 29.0
41 66 47.0
41 67 54.0
41 68 69.0
41 69 51.0
41 70 19.0
41 71 67.0
41 72 66.0
41 73 63.0
41 74 56.0
41 75 49.0
41 76 47.0
41 77 46.0
41 78 17.0
41 79 55.0
41 80 55.0
41 81 28.0
41 82 50.0
41 83 52.0
41 84 54.0
41 85 54.0
41 86 52.0
41 87 47.0
41 88 47.0
41 89 52.0
41 90 37.0
41 91 28.0
41 92 43.0
41 93 45.0
41 94 61.0
41 95 9.0
41 96 33.0
41 97 45.0
41 98 62.0
41 99 44.0
42 43 31.0
42 44 37.0
42 45 60.0
42 46 56.0
42 47 25.0
42 48 18.0
42 49 61.0
42 50 23.0
42 51 50.0
42 52 38.0
42 53 58.0
42 54 76.0
42 55 54.0
42 56 49.0
42 57 36.0
42 58 44.0
42 59 43.0
42 60 21.0
42 61 18.0
42 62 55.0
42 63 53.0
42 64 43.0
42 65 44.0
42 66 48.0
42 67 36.0
42 68 81.0
42 69 37.0
42 70 51.0
42 71 46.0
42 72 75.0
42 73 54.0
42 74 57.0
42 75 65.0
42 76 68.0
42 77 65.0
42 78 47.0
42 79 35.0
42 80 39.0
42 81 36.0
42 82 43.0
42 83 70.0
42 84 10.0
42 85 49.0
42 86 28.0
42 87 48.0
42 88 72.0
42 89 65.0
42 90 56.0
42 91 42.0
42 92 17.0
42 93 43.0
42 94 72.0
42 95 55.0
42 96 41.0
42 97 39.0
42 98 63.0
42 99 59.0
43 44 6.0
43 45 44.0
43 46 50.0
43 47 14.0
43 48 21.0
43 49 62.0
43 50 28.0
43 51 29.0
43 52 43.0
43 53 68.0
43 54 47.0
43 55 61.0
43 56 54.0
43 57 39.0
43 58 55.0
43 59 48.0
43 60 50.0
43 61 47.0
43 62 56.0
43 63 58.0
43 64 36.0
43 65 60.0
43 66 63.0
43 67 67.0
43 68 88.0
43 69 62.0
43 70 53.0
43 71 65.0
43 72 85.0
43 73 38.0
43 74 52.0
43 75 69.0
43 76 39.0
43 77 52.0
43 78 57.0
43 79 40.0
43 80 10.0
43 81 46.0
43 82 48.0
43 83 54.0
43 84 39.0
43 85 54.0
43 86 41.0
43 87 63.0
43 88 43.0
43 89 51.0
43 90 43.0
43 91 51.0
43 92 22.0
43 93 46.0
43 94 67.0
43 95 54.0
43 96 51.0
43 97 44.0
43 98 78.0
43 99 64.0
44 45 50.0
44 46 44.0
44 47 20.0
44 48 27.0
44 49 68.0
44 50 34.0
44 51 35.0
44 52 49.0
44 53 74.0
44 54 41.0
44 55 55.0
44 56 48.0
44 57 45.0
44 58 61.0
44 59 54.0
44 60 44.0
44 61 41.0
44 62 50.0
44 63 64.0
44 64 42.0
44 65 66.0
44 66 61.0
44 67 73.0
44 68 94.0
44 69 60.0
44 70 50.0
44 71 71.0
44 72 82.0
44 73 44.0
44 74 58.0
44 75 63.0
44 76 33.0
44 77 58.0
44 78 63.0
44 79 46.0
44 80 4.0
44 81 52.0
44 82 50.0
44 83 60.0
44 84 33.0
44 85 48.0
44 86 35.0
44 87 61.0
44 88 37.0
44 89 45.0
44 90 49.0
44 91 57.0
44 92 28.0
44 93 52.0
44 94 73.0
44 95 60.0
44 96 57.0
44 97 50.0
44 98 76.0
44 99 70.0
45 46 58.0
45 47 58.0
45 48 61.0
45 49 77.0
45 50 54.0
45 51 50.0
45 52 39.0
45 53 82.0
45 54 76.0
45 55 77.0
45 56 45.0
45 57 78.0
45 58 70.0
45 59 64.0
45 60 56.0
45 61 58.0
45 62 55.0
45 63 74.0
45 64 43.0
45 65 55.0
45 66 73.0
45 67 80.0
45 68 92.0
45 69 77.0
45 70 9.0
45 71 81.0
45 72 80.0
45 73 54.0
45 74 68.0
45 75 39.0
45 76 37.0
45 77 56.0
45 78 30.0
45 79 78.0
45 80 54.0
45 81 41.0
45 82 47.0
45 83 70.0
45 84 50.0
45 85 45.0
45 86 68.0
45 87 73.0
45 88 59.0
45 89 42.0
45 90 47.0
45 91 54.0
45 92 60.0
45 93 71.0
45 94 71.0
45 95 35.0
45 96 46.0
45 97 68.0
45 98 88.0
45 99 70.0
46 47 56.0
46 48 49.0
46 49 93.0
46 50 54.0
46 51 64.0
46 52 55.0
46 53 69.0
46 54 77.0
46 55 69.0
46 56 74.0
46 57 63.0
46 58 64.0
46 59 54.0
46 60 35.0
46 61 54.0
46 62 34.0
46 63 64.0
46 64 58.0
46 65 40.0
46 66 75.0
46 67 67.0
46 68 105.0
46 69 57.0
46 70 51.0
46 71 71.0
46 72 71.0
46 73 79.0
46 74 67.0
46 75 19.0
46 76 69.0
46 77 25.0
46 78 42.0
46 79 66.0
46 80 40.0
46 81 50.0
46 82 54.0
46 83 87.0
46 84 46.0
46 85 74.0
46 86 64.0
46 87 75.0
46 88 52.0
46 89 47.0
46 90 16.0
46 91 41.0
46 92 48.0
46 93 56.0
46 94 40.0
46 95 44.0
46 96 55.0
46 97 50.0
46 98 89.0
46 99 55.0
47 48 7.0
47 49 55.0
47 50 14.0
47 51 41.0
47 52 29.0
47 53 80.0
47 54 61.0
47 55 49.0
47 56 52.0
47 57 25.0
47 58 41.0
47 59 34.0
47 60 46.0
47 61 43.0
47 62 46.0
47 63 44.0
47 64 34.0
47 65 48.0
47 66 55.0
47 67 61.0
47 68 82.0
47 69 48.0
47 70 54.0
47 71 51.0
47 72 83.0
47 73 52.0
47 74 66.0
47 75 69.0
47 76 44.0
47 77 54.0
47 78 53.0
47 79 26.0
47 80 24.0
47 81 58.0
47 82 34.0
47 83 68.0
47 84 35.0
47 85 52.0
47 86 53.0
47 87 55.0
47 88 51.0
47 89 49.0
47 90 45.0
47 91 64.0
47 92 8.0
47 93 32.0
47 94 69.0
47 95 60.0
47 96 63.0
47 97 30.0
47 98 69.0
47 99 63.0
48 49 48.0
48 50 7.0
48 51 34.0
48 52 22.0
48 53 73.0
48 54 66.0
48 55 42.0
48 56 57.0
48 57 18.0
48 58 34.0
48 59 27.0
48 60 39.0
48 61 36.0
48 62 39.0
48 63 37.0
48 64 27.0
48 65 41.0
48 66 48.0
48 67 54.0
48 68 75.0
48 69 41.0
48 70 54.0
48 71 44.0
48 72 76.0
48 73 59.0
48 74 68.0
48 75 62.0
48 76 51.0
48 77 47.0
48 78 46.0
48 79 19.0
48 80 31.0
48 81 51.0
48 82 27.0
48 83 75.0
48 84 28.0
48 85 57.0
48 86 46.0
48 87 48.0
48 88 57.0
48 89 49.0
48 90 38.0
48 91 57.0
48 92 1.0
48 93 25.0
48 94 62.0
48 95 53.0
48 96 56.0
48 97 23.0
48 98 62.0
48 99 56.0
49 50 55.0
49 51 75.0
49 52 70.0
49 53 99.0
49 54 101.0
49 55 76.0
49 56 69.0
49 57 30.0
49 58 59.0
49 59 75.0
49 60 62.0
49 61 59.0
49 62 64.0
49 63 85.0
49 64 68.0
49 65 53.0
49 66 70.0
49 67 97.0
49 68 120.0
49 69 66.0
49 70 70.0
49 71 60.0
49 72 91.0
49 73 84.0
49 74 80.0
49 75 74.0
49 76 97.0
49 77 95.0
49 78 68.0
49 79 67.0
49 80 72.0
49 81 77.0
49 82 75.0
49 83 100.0
49 84 51.0
49 85 69.0
49 86 67.0
49 87 70.0
49 88 61.0
49 89 97.0
49 90 86.0
49 91 79.0
49 92 49.0
49 93 37.0
49 94 110.0
49 95 60.0
49 96 82.0
49 97 71.0
49 98 78.0
49 99 68.0
50 51 39.0
50 52 15.0
50 53 78.0
50 54 71.0
50 55 47.0
50 56 64.0
50 57 25.0
50 58 39.0
50 59 32.0
50 60 44.0
50 61 41.0
50 62 44.0
50 63 42.0
50 64 32.0
50 65 42.0
50 66 53.0
50 67 59.0
50 68 68.0
50 69 46.0
50 70 47.0
50 71 49.0
50 72 81.0
50 73 66.0
50 74 69.0
50 75 63.0
50 76 58.0
50 77 54.0
50 78 53.0
50 79 24.0
50 80 38.0
50 81 56.0
50 82 32.0
50 83 81.0
50 84 33.0
50 85 64.0
50 86 51.0
50 87 53.0
50 88 62.0
50 89 42.0
50 90 45.0
50 91 62.0
50 92 6.0
50 93 32.0
50 94 69.0
50 95 58.0
50 96 61.0
50 97 28.0
50 98 67.0
50 99 57.0
51 52 41.0
51 53 39.0
51 54 46.0
51 55 58.0
51 56 72.0
51 57 52.0
51 58 54.0
51 59 40.0
51 60 32.0
51 61 35.0
51 62 53.0
51 63 53.0
51 64 7.0
51 65 53.0
51 66 64.0
51 67 49.0
51 68 59.0
51 69 61.0
51 70 43.0
51 71 57.0
51 72 56.0
51 73 49.0
51 74 59.0
51 75 60.0
51 76 68.0
51 77 57.0
51 78 28.0
51 79 51.0
51 80 39.0
51 81 17.0
51 82 40.0
51 83 65.0
51 84 43.0
51 85 72.0
51 86 51.0
51 87 64.0
51 88 71.0
51 89 75.0
51 90 48.0
51 91 23.0
51 92 33.0
51 93 59.0
51 94 72.0
51 95 33.0
51 96 22.0
51 97 39.0
51 98 75.0
51 99 47.0
52 53 80.0
52 54 73.0
52 55 48.0
52 56 63.0
52 57 40.0
52 58 48.0
52 59 25.0
52 60 59.0
52 61 56.0
52 62 45.0
52 63 43.0
52 64 34.0
52 65 57.0
52 66 54.0
52 67 74.0
52 68 53.0
52 69 55.0
52 70 32.0
52 71 42.0
52 72 82.0
52 73 78.0
52 74 84.0
52 75 62.0
52 76 55.0
52 77 66.0
52 78 49.0
52 79 39.0
52 80 53.0
52 81 58.0
52 82 25.0
52 83 90.0
52 84 48.0
52 85 63.0
52 86 66.0
52 87 54.0
52 88 51.0
52 89 57.0
52 90 57.0
52 91 64.0
52 92 21.0
52 93 47.0
52 94 81.0
52 95 57.0
52 96 63.0
52 97 29.0
52 98 60.0
52 99 72.0
53 54 85.0
53 55 69.0
53 56 41.0
53 57 69.0
53 58 60.0
53 59 79.0
53 60 38.0
53 61 40.0
53 62 85.0
53 63 91.0
53 64 46.0
53 65 56.0
53 66 63.0
53 67 54.0
53 68 98.0
53 69 67.0
53 70 75.0
53 71 82.0
53 72 92.0
53 73 77.0
53 74 70.0
53 75 77.0
53 76 69.0
53 77 62.0
53 78 52.0
53 79 71.0
53 80 77.0
53 81 53.0
53 82 79.0
53 83 90.0
53 84 48.0
53 85 41.0
53 86 60.0
53 87 63.0
53 88 87.0
53 89 74.0
53 90 53.0
53 91 28.0
53 92 72.0
53 93 62.0
53 94 77.0
53 95 47.0
53 96 58.0
53 97 78.0
53 98 78.0
53 99 58.0
54 55 52.0
54 56 89.0
54 57 84.0
54 58 84.0
54 59 72.0
54 60 77.0
54 61 74.0
54 62 79.0
54 63 85.0
54 64 39.0
54 65 79.0
54 66 58.0
54 67 95.0
54 68 91.0
54 69 79.0
54 70 69.0
54 71 89.0
54 72 102.0
54 73 73.0
54 74 87.0
54 75 96.0
54 76 66.0
54 77 96.0
54 78 67.0
54 79 83.0
54 80 37.0
54 81 63.0
54 82 72.0
54 83 89.0
54 84 66.0
54 85 89.0
54 86 68.0
54 87 58.0
54 88 70.0
54 89 72.0
54 90 87.0
54 91 69.0
54 92 65.0
54 93 91.0
54 94 111.0
54 95 59.0
54 96 68.0
54 97 71.0
54 98 73.0
54 99 93.0
55 56 39.0
55 57 46.0
55 58 37.0
55 59 47.0
55 60 55.0
55 61 52.0
55 62 35.0
55 63 57.0
55 64 51.0
55 65 55.0
55 66 6.0
55 67 87.0
55 68 101.0
55 69 44.0
55 70 70.0
55 71 39.0
55 72 63.0
55 73 54.0
55 74 68.0
55 75 68.0
55 76 60.0
55 77 80.0
55 78 70.0
55 79 52.0
55 80 59.0
55 81 70.0
55 82 47.0
55 83 70.0
55 84 44.0
55 85 39.0
55 86 37.0
55 87 6.0
55 88 18.0
55 89 65.0
55 90 71.0
55 91 76.0
55 92 41.0
55 93 39.0
55 94 88.0
55 95 62.0
55 96 75.0
55 97 19.0
55 98 21.0
55 99 70.0
56 57 39.0
56 58 30.0
56 59 62.0
56 60 50.0
56 61 43.0
56 62 54.0
56 63 80.0
56 64 71.0
56 65 48.0
56 66 33.0
56 67 75.0
56 68 101.0
56 69 32.0
56 70 38.0
56 71 41.0
56 72 87.0
56 73 47.0
56 74 61.0
56 75 68.0
56 76 28.0
56 77 64.0
56 78 57.0
56 79 45.0
56 80 52.0
56 81 65.0
56 82 38.0
56 83 63.0
56 84 39.0
56 85 0.0
56 86 26.0
56 87 33.0
56 88 50.0
56 89 33.0
56 90 58.0
56 91 49.0
56 92 58.0
56 93 32.0
56 94 49.0
56 95 52.0
56 96 70.0
56 97 58.0
56 98 48.0
56 99 63.0
57 58 29.0
57 59 45.0
57 60 57.0
57 61 54.0
57 62 54.0
57 63 55.0
57 64 45.0
57 65 23.0
57 66 40.0
57 67 72.0
57 68 93.0
57 69 36.0
57 70 71.0
57 71 62.0
57 72 81.0
57 73 54.0
57 74 50.0
57 75 44.0
57 76 67.0
57 77 65.0
57 78 51.0
57 79 37.0
57 80 49.0
57 81 62.0
57 82 45.0
57 83 70.0
57 84 46.0
57 85 39.0
57 86 37.0
57 87 40.0
57 88 62.0
57 89 67.0
57 90 56.0
57 91 62.0
57 92 19.0
57 93 7.0
57 94 80.0
57 95 43.0
57 96 64.0
57 97 41.0
57 98 55.0
57 99 38.0
58 59 47.0
58 60 45.0
58 61 38.0
58 62 59.0
58 63 57.0
58 64 47.0
58 65 38.0
58 66 31.0
58 67 70.0
58 68 81.0
58 69 7.0
58 70 63.0
58 71 53.0
58 72 68.0
58 73 45.0
58 74 59.0
58 75 45.0
58 76 58.0
58 77 80.0
58 78 54.0
58 79 15.0
58 80 59.0
58 81 60.0
58 82 47.0
58 83 42.0
58 84 34.0
58 85 30.0
58 86 28.0
58 87 31.0
58 88 51.0
58 89 63.0
58 90 71.0
58 91 62.0
58 92 33.0
58 93 22.0
58 94 79.0
58 95 53.0
58 96 65.0
58 97 43.0
58 98 46.0
58 99 53.0
59 60 62.0
59 61 59.0
59 62 44.0
59 63 42.0
59 64 33.0
59 65 68.0
59 66 53.0
59 67 79.0
59 68 78.0
59 69 54.0
59 70 57.0
59 71 41.0
59 72 81.0
59 73 86.0
59 74 95.0
59 75 73.0
59 76 54.0
59 77 65.0
59 78 67.0
59 79 44.0
59 80 58.0
59 81 57.0
59 82 24.0
59 83 89.0
59 84 51.0
59 85 62.0
59 86 69.0
59 87 53.0
59 88 62.0
59 89 59.0
59 90 56.0
59 91 63.0
59 92 26.0
59 93 52.0
59 94 80.0
59 95 59.0
59 96 62.0
59 97 28.0
59 98 59.0
59 99 83.0
60 61 19.0
60 62 69.0
60 63 74.0
60 64 39.0
60 65 45.0
60 66 49.0
60 67 48.0
60 68 91.0
60 69 38.0
60 70 52.0
60 71 67.0
60 72 54.0
60 73 55.0
60 74 58.0
60 75 54.0
60 76 69.0
60 77 56.0
60 78 26.0
60 79 56.0
60 80 40.0
60 81 15.0
60 82 62.0
60 83 71.0
60 84 11.0
60 85 50.0
60 86 29.0
60 87 49.0
60 88 73.0
60 89 77.0
60 90 47.0
60 91 22.0
60 92 38.0
60 93 54.0
60 94 71.0
60 95 34.0
60 96 20.0
60 97 60.0
60 98 64.0
60 99 46.0
61 62 73.0
61 63 71.0
61 64 42.0
61 65 42.0
61 66 46.0
61 67 50.0
61 68 94.0
61 69 31.0
61 70 49.0
61 71 64.0
61 72 73.0
61 73 52.0
61 74 39.0
61 75 63.0
61 76 66.0
61 77 58.0
61 78 45.0
61 79 53.0
61 80 37.0
61 81 34.0
61 82 59.0
61 83 66.0
61 84 8.0
61 85 43.0
61 86 26.0
61 87 46.0
61 88 70.0
61 89 74.0
61 90 49.0
61 91 24.0
61 92 35.0
61 93 50.0
61 94 70.0
61 95 43.0
61 96 39.0
61 97 57.0
61 98 61.0
61 99 51.0
62 63 54.0
62 64 46.0
62 65 58.0
62 66 41.0
62 67 83.0
62 68 98.0
62 69 62.0
62 70 48.0
62 71 61.0
62 72 37.0
62 73 76.0
62 74 64.0
62 75 42.0
62 76 46.0
62 77 59.0
62 78 46.0
62 79 56.0
62 80 54.0
62 81 57.0
62 82 44.0
62 83 81.0
62 84 65.0
62 85 54.0
62 86 72.0
62 87 41.0
62 88 18.0
62 89 51.0
62 90 50.0
62 91 57.0
62 92 38.0
62 93 61.0
62 94 74.0
62 95 38.0
62 96 62.0
62 97 16.0
62 98 56.0
62 99 73.0
63 64 46.0
63 65 72.0
63 66 63.0
63 67 89.0
63 68 96.0
63 69 64.0
63 70 67.0
63 71 59.0
63 72 91.0
63 73 96.0
63 74 99.0
63 75 51.0
63 76 72.0
63 77 75.0
63 78 71.0
63 79 54.0
63 80 68.0
63 81 70.0
63 82 42.0
63 83 99.0
63 84 63.0
63 85 80.0
63 86 61.0
63 87 63.0
63 88 72.0
63 89 77.0
63 90 66.0
63 91 63.0
63 92 36.0
63 93 62.0
63 94 90.0
63 95 66.0
63 96 75.0
63 97 38.0
63 98 77.0
63 99 87.0
64 65 46.0
64 66 57.0
64 67 56.0
64 68 52.0
64 69 54.0
64 70 36.0
64 71 50.0
64 72 63.0
64 73 56.0
64 74 66.0
64 75 66.0
64 76 63.0
64 77 63.0
64 78 34.0
64 79 44.0
64 80 46.0
64 81 24.0
64 82 33.0
64 83 69.0
64 84 50.0
64 85 71.0
64 86 58.0
64 87 57.0
64 88 64.0
64 89 68.0
64 90 54.0
64 91 30.0
64 92 26.0
64 93 52.0
64 94 78.0
64 95 26.0
64 96 29.0
64 97 32.0
64 98 68.0
64 99 54.0
65 66 49.0
65 67 65.0
65 68 92.0
65 69 45.0
65 70 48.0
65 71 82.0
65 72 75.0
65 73 41.0
65 74 27.0
65 75 21.0
65 76 48.0
65 77 57.0
65 78 28.0
65 79 26.0
65 80 63.0
65 81 39.0
65 82 66.0
65 83 57.0
65 84 34.0
65 85 48.0
65 86 46.0
65 87 49.0
65 88 71.0
65 89 73.0
65 90 48.0
65 91 39.0
65 92 42.0
65 93 16.0
65 94 72.0
65 95 20.0
65 96 41.0
65 97 64.0
65 98 64.0
65 99 15.0
66 67 81.0
66 68 102.0
66 69 38.0
66 70 66.0
66 71 33.0
66 72 69.0
66 73 48.0
66 74 62.0
66 75 70.0
66 76 61.0
66 77 86.0
66 78 64.0
66 79 46.0
66 80 62.0
66 81 64.0
66 82 53.0
66 83 64.0
66 84 38.0
66 85 33.0
66 86 31.0
66 87 0.0
66 88 24.0
66 89 66.0
66 90 77.0
66 91 70.0
66 92 47.0
66 93 33.0
66 94 82.0
66 95 56.0
66 96 69.0
66 97 25.0
66 98 15.0
66 99 64.0
67 68 108.0
67 69 73.0
67 70 73.0
67 71 82.0
67 72 91.0
67 73 84.0
67 74 70.0
67 75 86.0
67 76 93.0
67 77 60.0
67 78 50.0
67 79 71.0
67 80 75.0
67 81 61.0
67 82 79.0
67 83 77.0
67 84 46.0
67 85 75.0
67 86 64.0
67 87 81.0
67 88 100.0
67 89 98.0
67 90 51.0
67 91 26.0
67 92 53.0
67 93 72.0
67 94 75.0
67 95 45.0
67 96 66.0
67 97 75.0
67 98 96.0
67 99 68.0
68 69 88.0
68 70 85.0
68 71 95.0
68 72 112.0
68 73 54.0
68 74 68.0
68 75 113.0
68 76 108.0
68 77 115.0
68 78 86.0
68 79 66.0
68 80 98.0
68 81 76.0
68 82 78.0
68 83 70.0
68 84 91.0
68 85 101.0
68 86 99.0
68 87 102.0
68 88 104.0
68 89 110.0
68 90 106.0
68 91 82.0
68 92 74.0
68 93 100.0
68 94 130.0
68 95 78.0
68 96 81.0
68 97 82.0
68 98 113.0
68 99 80.0
69 70 68.0
69 71 60.0
69 72 61.0
69 73 51.0
69 74 65.0
69 75 38.0
69 76 60.0
69 77 82.0
69 78 47.0
69 79 22.0
69 80 56.0
69 81 53.0
69 82 54.0
69 83 35.0
69 84 27.0
69 85 32.0
69 86 35.0
69 87 38.0
69 88 58.0
69 89 65.0
69 90 73.0
69 91 55.0
69 92 40.0
69 93 29.0
69 94 81.0
69 95 55.0
69 96 58.0
69 97 50.0
69 98 53.0
69 99 60.0
70 71 74.0
70 72 85.0
70 73 63.0
70 74 75.0
70 75 32.0
70 76 30.0
70 77 65.0
70 78 36.0
70 79 71.0
70 80 54.0
70 81 47.0
70 82 40.0
70 83 71.0
70 84 41.0
70 85 38.0
70 86 59.0
70 87 66.0
70 88 52.0
70 89 35.0
70 90 56.0
70 91 47.0
70 92 53.0
70 93 64.0
70 94 80.0
70 95 28.0
70 96 52.0
70 97 61.0
70 98 81.0
70 99 63.0
71 72 98.0
71 73 81.0
71 74 95.0
71 75 90.0
71 76 69.0
71 77 82.0
71 78 84.0
71 79 61.0
71 80 75.0
71 81 74.0
71 82 41.0
71 83 95.0
71 84 56.0
71 85 41.0
71 86 64.0
71 87 33.0
71 88 57.0
71 89 74.0
71 90 73.0
71 91 80.0
71 92 43.0
71 93 66.0
71 94 90.0
71 95 76.0
71 96 79.0
71 97 45.0
71 98 18.0
71 99 97.0
72 73 58.0
72 74 72.0
72 75 69.0
72 76 79.0
72 77 85.0
72 78 50.0
72 79 83.0
72 80 86.0
72 81 39.0
72 82 81.0
72 83 74.0
72 84 65.0
72 85 87.0
72 86 83.0
72 87 69.0
72 88 45.0
72 89 84.0
72 90 76.0
72 91 65.0
72 92 75.0
72 93 88.0
72 94 83.0
72 95 58.0
72 96 34.0
72 97 53.0
72 98 84.0
72 99 60.0
73 74 14.0
73 75 62.0
73 76 75.0
73 77 72.0
73 78 67.0
73 79 60.0
73 80 48.0
73 81 57.0
73 82 85.0
73 83 16.0
73 84 44.0
73 85 47.0
73 86 45.0
73 87 48.0
73 88 72.0
73 89 80.0
73 90 63.0
73 91 68.0
73 92 60.0
73 93 47.0
73 94 87.0
73 95 59.0
73 96 52.0
73 97 73.0
73 98 63.0
73 99 26.0
74 75 48.0
74 76 75.0
74 77 84.0
74 78 54.0
74 79 53.0
74 80 62.0
74 81 43.0
74 82 93.0
74 83 30.0
74 84 47.0
74 85 61.0
74 86 59.0
74 87 62.0
74 88 82.0
74 89 94.0
74 90 75.0
74 91 54.0
74 92 69.0
74 93 43.0
74 94 99.0
74 95 47.0
74 96 38.0
74 97 80.0
74 98 77.0
74 99 12.0
75 76 60.0
75 77 44.0
75 78 49.0
75 79 47.0
75 80 59.0
75 81 60.0
75 82 70.0
75 83 73.0
75 84 55.0
75 85 68.0
75 86 67.0
75 87 70.0
75 88 50.0
75 89 65.0
75 90 35.0
75 91 60.0
75 92 63.0
75 93 37.0
75 94 59.0
75 95 41.0
75 96 62.0
75 97 58.0
75 98 85.0
75 99 36.0
76 77 83.0
76 78 64.0
76 79 62.0
76 80 29.0
76 81 75.0
76 82 30.0
76 83 91.0
76 84 58.0
76 85 28.0
76 86 54.0
76 87 61.0
76 88 42.0
76 89 25.0
76 90 74.0
76 91 67.0
76 92 52.0
76 93 60.0
76 94 71.0
76 95 56.0
76 96 80.0
76 97 58.0
76 98 76.0
76 99 63.0
77 78 35.0
77 79 66.0
77 80 62.0
77 81 46.0
77 82 65.0
77 83 80.0
77 84 66.0
77 85 64.0
77 86 75.0
77 87 86.0
77 88 68.0
77 89 58.0
77 90 9.0
77 91 34.0
77 92 48.0
77 93 72.0
77 94 15.0
77 95 37.0
77 96 51.0
77 97 61.0
77 98 100.0
77 99 72.0
78 79 54.0
78 80 66.0
78 81 11.0
78 82 67.0
78 83 51.0
78 84 37.0
78 85 57.0
78 86 40.0
78 87 64.0
78 88 64.0
78 89 69.0
78 90 26.0
78 91 24.0
78 92 47.0
78 93 44.0
78 94 50.0
78 95 8.0
78 96 16.0
78 97 62.0
78 98 79.0
78 99 42.0
79 80 50.0
79 81 65.0
79 82 44.0
79 83 57.0
79 84 45.0
79 85 45.0
79 86 43.0
79 87 46.0
79 88 66.0
79 89 66.0
79 90 57.0
79 91 55.0
79 92 18.0
79 93 37.0
79 94 81.0
79 95 46.0
79 96 67.0
79 97 40.0
79 98 61.0
79 99 41.0
80 81 55.0
80 82 54.0
80 83 64.0
80 84 29.0
80 85 52.0
80 86 31.0
80 87 62.0
80 88 41.0
80 89 49.0
80 90 53.0
80 91 61.0
80 92 32.0
80 93 56.0
80 94 77.0
80 95 64.0
80 96 60.0
80 97 54.0
80 98 77.0
80 99 74.0
81 82 57.0
81 83 62.0
81 84 26.0
81 85 65.0
81 86 44.0
81 87 64.0
81 88 75.0
81 89 80.0
81 90 37.0
81 91 35.0
81 92 50.0
81 93 55.0
81 94 61.0
81 95 19.0
81 96 5.0
81 97 56.0
81 98 79.0
81 99 31.0
82 83 89.0
82 84 51.0
82 85 38.0
82 86 64.0
82 87 53.0
82 88 52.0
82 89 35.0
82 90 56.0
82 91 63.0
82 92 26.0
82 93 52.0
82 94 80.0
82 95 59.0
82 96 62.0
82 97 28.0
82 98 59.0
82 99 81.0
83 84 60.0
83 85 63.0
83 86 61.0
83 87 64.0
83 88 88.0
83 89 96.0
83 90 71.0
83 91 62.0
83 92 75.0
83 93 63.0
83 94 95.0
83 95 43.0
83 96 67.0
83 97 85.0
83 98 79.0
83 99 42.0
84 85 39.0
84 86 18.0
84 87 38.0
84 88 62.0
84 89 66.0
84 90 57.0
84 91 32.0
84 92 27.0
84 93 48.0
84 94 62.0
84 95 45.0
84 96 31.0
84 97 49.0
84 98 53.0
84 99 49.0
85 86 26.0
85 87 33.0
85 88 50.0
85 89 33.0
85 90 58.0
85 91 49.0
85 92 58.0
85 93 32.0
85 94 49.0
85 95 52.0
85 96 70.0
85 97 58.0
85 98 48.0
85 99 63.0
86 87 31.0
86 88 55.0
86 89 59.0
86 90 66.0
86 91 50.0
86 92 45.0
86 93 30.0
86 94 75.0
86 95 48.0
86 96 49.0
86 97 56.0
86 98 46.0
86 99 61.0
87 88 24.0
87 89 66.0
87 90 77.0
87 91 70.0
87 92 47.0
87 93 33.0
87 94 82.0
87 95 56.0
87 96 69.0
87 97 25.0
87 98 15.0
87 99 64.0
88 89 47.0
88 90 68.0
88 91 74.0
88 92 56.0
88 93 57.0
88 94 83.0
88 95 56.0
88 96 79.0
88 97 34.0
88 98 39.0
88 99 86.0
89 90 49.0
89 91 72.0
89 92 48.0
89 93 65.0
89 94 73.0
89 95 61.0
89 96 85.0
89 97 63.0
89 98 81.0
89 99 88.0
90 91 25.0
90 92 39.0
90 93 63.0
90 94 24.0
90 95 28.0
90 96 42.0
90 97 52.0
90 98 91.0
90 99 63.0
91 92 56.0
91 93 55.0
91 94 49.0
91 95 19.0
91 96 40.0
91 97 62.0
91 98 85.0
91 99 42.0
92 93 26.0
92 94 63.0
92 95 52.0
92 96 55.0
92 97 22.0
92 98 61.0
92 99 57.0
93 94 81.0
93 95 36.0
93 96 57.0
93 97 48.0
93 98 48.0
93 99 31.0
94 95 52.0
94 96 66.0
94 97 76.0
94 98 97.0
94 99 87.0
95 96 24.0
95 97 54.0
95 98 71.0
95 99 35.0
96 97 61.0
96 98 84.0
96 99 26.0
97 98 40.0
97 99 79.0
98 99 79.0
