0 1 61.0
0 2 69.0
0 3 49.0
0 4 16.0
0 5 47.0
0 6 11.0
0 7 41.0
0 8 25.0
0 9 49.0
0 10 47.0
0 11 30.0
0 12 30.0
0 13 19.0
0 14 55.0
0 15 40.0
0 16 36.0
0 17 45.0
0 18 36.0
0 19 28.0
0 20 29.0
0 21 52.0
0 22 62.0
0 23 42.0
0 24 32.0
0 25 63.0
0 26 44.0
0 27 28.0
0 28 34.0
0 29 7.0
0 30 38.0
0 31 22.0
0 32 33.0
0 33 69.0
0 34 44.0
0 35 46.0
0 36 52.0
0 37 42.0
0 38 51.0
0 39 24.0
0 40 20.0
0 41 20.0
0 42 118.0
0 43 49.0
0 44 50.0
0 45 48.0
0 46 23.0
0 47 28.0
0 48 58.0
0 49 41.0
0 50 44.0
0 51 48.0
0 52 48.0
0 53 69.0
0 54 55.0
0 55 32.0
0 56 51.0
0 57 55.0
0 58 50.0
0 59 22.0
0 60 105.0
0 61 50.0
0 62 32.0
0 63 45.0
0 64 24.0
0 65 40.0
0 66 41.0
0 67 35.0
0 68 54.0
0 69 79.0
0 70 58.0
0 71 51.0
0 72 26.0
0 73 7.0
0 74 99.0
0 75 41.0
0 76 45.0
0 77 61.0
0 78 19.0
0 79 43.0
0 80 40.0
0 81 36.0
0 82 42.0
0 83 35.0
0 84 52.0
0 85 17.0
0 86 27.0
0 87 33.0
0 88 39.0
0 89 13.0
0 90 40.0
0 91 42.0
0 92 45.0
0 93 39.0
0 94 43.0
0 95 41.0
0 96 15.0
0 97 36.0
0 98 44.0
0 99 29.0
1 2 85.0
1 3 37.0
1 4 77.0
1 5 14.0
1 6 50.0
1 7 50.0
1 8 43.0
1 9 88.0
1 10 72.0
1 11 62.0
1 12 48.0
1 13 59.0
1 14 73.0
1 15 78.0
1 16 66.0
1 17 33.0
1 18 52.0
1 19 67.0
1 20 55.0
1 21 61.0
1 22 67.0
1 23 51.0
1 24 71.0
1 25 42.0
1 26 60.0
1 27 64.0
1 28 70.0
1 29 54.0
1 30 54.0
1 31 69.0
1 32 66.0
1 33 63.0
1 34 61.0
1 35 82.0
1 36 68.0
1 37 60.0
1 38 69.0
1 39 64.0
1 40 67.0
1 41 60.0
1 42 127.0
1 43 66.0
1 44 28.0
1 45 84.0
1 46 55.0
1 47 46.0
1 48 90.0
1 49 59.0
1 50 48.0
1 51 80.0
1 52 80.0
1 53 91.0
1 54 89.0
1 55 60.0
1 56 77.0
1 57 50.0
1 58 75.0
1 59 73.0
1 60 99.0
1 61 69.0
1 62 41.0
1 63 58.0
1 64 54.0
1 65 48.0
1 66 43.0
1 67 67.0
1 68 80.0
1 69 88.0
1 70 70.0
1 71 95.0
1 72 35.0
1 73 54.0
1 74 93.0
1 75 72.0
1 76 39.0
1 77 68.0
1 78 76.0
1 79 76.0
1 80 44.0
1 81 60.0
1 82 36.0
1 83 68.0
1 84 103.0
1 85 64.0
1 86 45.0
1 87 51.0
1 88 55.0
1 89 52.0
1 90 48.0
1 91 51.0
1 92 66.0
1 93 55.0
1 94 60.0
1 95 59.0
1 96 54.0
1 97 45.0
1 98 57.0
1 99 55.0
2 3 56.0
2 4 84.0
2 5 71.0
2 6 58.0
2 7 35.0
2 8 51.0
2 9 47.0
2 10 82.0
2 11 69.0
2 12 67.0
2 13 76.0
2 14 86.0
2 15 91.0
2 16 85.0
2 17 52.0
2 18 59.0
2 19 67.0
2 20 68.0
2 21 68.0
2 22 84.0
2 23 75.0
2 24 59.0
2 25 95.0
2 26 67.0
2 27 77.0
2 28 83.0
2 29 62.0
2 30 62.0
2 31 77.0
2 32 73.0
2 33 70.0
2 34 44.0
2 35 84.0
2 36 63.0
2 37 68.0
2 38 76.0
2 39 71.0
2 40 75.0
2 41 75.0
2 42 151.0
2 43 49.0
2 44 57.0
2 45 80.0
2 46 62.0
2 47 48.0
2 48 97.0
2 49 66.0
2 50 55.0
2 51 43.0
2 52 87.0
2 53 6.0
2 54 70.0
2 55 56.0
2 56 40.0
2 57 89.0
2 58 38.0
2 59 57.0
2 60 106.0
2 61 88.0
2 62 65.0
2 63 65.0
2 64 73.0
2 65 73.0
2 66 56.0
2 67 74.0
2 68 43.0
2 69 106.0
2 70 127.0
2 71 75.0
2 72 59.0
2 73 62.0
2 74 100.0
2 75 47.0
2 76 46.0
2 77 22.0
2 78 88.0
2 79 83.0
2 80 57.0
2 81 67.0
2 82 49.0
2 83 74.0
2 84 27.0
2 85 66.0
2 86 53.0
2 87 59.0
2 88 62.0
2 89 60.0
2 90 73.0
2 91 71.0
2 92 94.0
2 93 62.0
2 94 63.0
2 95 78.0
2 96 54.0
2 97 69.0
2 98 67.0
2 99 68.0
3 4 58.0
3 5 23.0
3 6 38.0
3 7 21.0
3 8 34.0
3 9 59.0
3 10 43.0
3 11 33.0
3 12 19.0
3 13 30.0
3 14 44.0
3 15 49.0
3 16 37.0
3 17 4.0
3 18 23.0
3 19 43.0
3 20 26.0
3 21 32.0
3 22 70.0
3 23 39.0
3 24 51.0
3 25 51.0
3 26 31.0
3 27 35.0
3 28 41.0
3 29 42.0
3 30 35.0
3 31 46.0
3 32 37.0
3 33 34.0
3 34 53.0
3 35 53.0
3 36 39.0
3 37 51.0
3 38 40.0
3 39 35.0
3 40 43.0
3 41 54.0
3 42 115.0
3 43 58.0
3 44 9.0
3 45 79.0
3 46 26.0
3 47 34.0
3 48 61.0
3 49 30.0
3 50 19.0
3 51 57.0
3 52 51.0
3 53 62.0
3 54 77.0
3 55 41.0
3 56 54.0
3 57 53.0
3 58 55.0
3 59 47.0
3 60 70.0
3 61 40.0
3 62 35.0
3 63 29.0
3 64 25.0
3 65 43.0
3 66 14.0
3 67 38.0
3 68 51.0
3 69 64.0
3 70 79.0
3 71 66.0
3 72 41.0
3 73 42.0
3 74 64.0
3 75 53.0
3 76 10.0
3 77 39.0
3 78 62.0
3 79 47.0
3 80 15.0
3 81 31.0
3 82 7.0
3 83 39.0
3 84 76.0
3 85 41.0
3 86 36.0
3 87 39.0
3 88 26.0
3 89 40.0
3 90 43.0
3 91 37.0
3 92 47.0
3 93 26.0
3 94 31.0
3 95 30.0
3 96 34.0
3 97 31.0
3 98 28.0
3 99 26.0
4 5 63.0
4 6 27.0
4 7 57.0
4 8 41.0
4 9 55.0
4 10 59.0
4 11 46.0
4 12 46.0
4 13 35.0
4 14 71.0
4 15 56.0
4 16 52.0
4 17 54.0
4 18 52.0
4 19 44.0
4 20 45.0
4 21 68.0
4 22 72.0
4 23 41.0
4 24 48.0
4 25 63.0
4 26 60.0
4 27 40.0
4 28 46.0
4 29 23.0
4 30 54.0
4 31 38.0
4 32 49.0
4 33 72.0
4 34 60.0
4 35 58.0
4 36 68.0
4 37 58.0
4 38 40.0
4 39 40.0
4 40 32.0
4 41 36.0
4 42 117.0
4 43 65.0
4 44 59.0
4 45 64.0
4 46 39.0
4 47 44.0
4 48 74.0
4 49 50.0
4 50 39.0
4 51 47.0
4 52 64.0
4 53 85.0
4 54 39.0
4 55 48.0
4 56 44.0
4 57 55.0
4 58 46.0
4 59 38.0
4 60 108.0
4 61 66.0
4 62 48.0
4 63 29.0
4 64 40.0
4 65 56.0
4 66 57.0
4 67 51.0
4 68 47.0
4 69 95.0
4 70 74.0
4 71 67.0
4 72 42.0
4 73 23.0
4 74 102.0
4 75 55.0
4 76 48.0
4 77 62.0
4 78 35.0
4 79 59.0
4 80 56.0
4 81 51.0
4 82 51.0
4 83 51.0
4 84 68.0
4 85 33.0
4 86 43.0
4 87 49.0
4 88 54.0
4 89 29.0
4 90 56.0
4 91 58.0
4 92 61.0
4 93 54.0
4 94 27.0
4 95 57.0
4 96 31.0
4 97 52.0
4 98 60.0
4 99 45.0
5 6 36.0
5 7 36.0
5 8 29.0
5 9 74.0
5 10 58.0
5 11 48.0
5 12 34.0
5 13 45.0
5 14 59.0
5 15 64.0
5 16 52.0
5 17 19.0
5 18 38.0
5 19 53.0
5 20 41.0
5 21 47.0
5 22 53.0
5 23 37.0
5 24 57.0
5 25 28.0
5 26 46.0
5 27 50.0
5 28 56.0
5 29 40.0
5 30 40.0
5 31 55.0
5 32 52.0
5 33 49.0
5 34 47.0
5 35 68.0
5 36 54.0
5 37 46.0
5 38 55.0
5 39 50.0
5 40 53.0
5 41 46.0
5 42 113.0
5 43 52.0
5 44 14.0
5 45 71.0
5 46 41.0
5 47 32.0
5 48 76.0
5 49 45.0
5 50 34.0
5 51 66.0
5 52 66.0
5 53 77.0
5 54 76.0
5 55 46.0
5 56 63.0
5 57 36.0
5 58 61.0
5 59 59.0
5 60 85.0
5 61 55.0
5 62 27.0
5 63 44.0
5 64 40.0
5 65 35.0
5 66 29.0
5 67 53.0
5 68 66.0
5 69 74.0
5 70 56.0
5 71 81.0
5 72 21.0
5 73 40.0
5 74 79.0
5 75 58.0
5 76 25.0
5 77 54.0
5 78 62.0
5 79 62.0
5 80 30.0
5 81 46.0
5 82 22.0
5 83 54.0
5 84 89.0
5 85 50.0
5 86 31.0
5 87 37.0
5 88 41.0
5 89 38.0
5 90 35.0
5 91 37.0
5 92 52.0
5 93 41.0
5 94 46.0
5 95 45.0
5 96 40.0
5 97 31.0
5 98 43.0
5 99 41.0
6 7 30.0
6 8 14.0
6 9 46.0
6 10 44.0
6 11 19.0
6 12 41.0
6 13 30.0
6 14 44.0
6 15 37.0
6 16 47.0
6 17 34.0
6 18 46.0
6 19 17.0
6 20 18.0
6 21 41.0
6 22 51.0
6 23 31.0
6 24 21.0
6 25 53.0
6 26 54.0
6 27 25.0
6 28 31.0
6 29 4.0
6 30 35.0
6 31 19.0
6 32 22.0
6 33 58.0
6 34 41.0
6 35 43.0
6 36 46.0
6 37 31.0
6 38 40.0
6 39 35.0
6 40 17.0
6 41 17.0
6 42 107.0
6 43 46.0
6 44 39.0
6 45 45.0
6 46 12.0
6 47 17.0
6 48 47.0
6 49 30.0
6 50 41.0
6 51 37.0
6 52 37.0
6 53 58.0
6 54 64.0
6 55 29.0
6 56 40.0
6 57 45.0
6 58 39.0
6 59 23.0
6 60 94.0
6 61 47.0
6 62 21.0
6 63 47.0
6 64 35.0
6 65 29.0
6 66 38.0
6 67 24.0
6 68 43.0
6 69 68.0
6 70 69.0
6 71 50.0
6 72 15.0
6 73 4.0
6 74 88.0
6 75 30.0
6 76 34.0
6 77 50.0
6 78 30.0
6 79 32.0
6 80 39.0
6 81 33.0
6 82 31.0
6 83 24.0
6 84 53.0
6 85 14.0
6 86 16.0
6 87 22.0
6 88 43.0
6 89 2.0
6 90 29.0
6 91 31.0
6 92 45.0
6 93 43.0
6 94 45.0
6 95 39.0
6 96 4.0
6 97 25.0
6 98 33.0
6 99 18.0
7 8 16.0
7 9 45.0
7 10 50.0
7 11 40.0
7 12 32.0
7 13 41.0
7 14 51.0
7 15 56.0
7 16 50.0
7 17 17.0
7 18 24.0
7 19 44.0
7 20 36.0
7 21 33.0
7 22 60.0
7 23 40.0
7 24 51.0
7 25 62.0
7 26 32.0
7 27 45.0
7 28 51.0
7 29 34.0
7 30 48.0
7 31 49.0
7 32 38.0
7 33 35.0
7 34 66.0
7 35 63.0
7 36 40.0
7 37 33.0
7 38 41.0
7 39 36.0
7 40 47.0
7 41 47.0
7 42 116.0
7 43 71.0
7 44 22.0
7 45 74.0
7 46 33.0
7 47 13.0
7 48 68.0
7 49 31.0
7 50 20.0
7 51 41.0
7 52 58.0
7 53 41.0
7 54 68.0
7 55 54.0
7 56 38.0
7 57 54.0
7 58 36.0
7 59 53.0
7 60 71.0
7 61 53.0
7 62 30.0
7 63 30.0
7 64 38.0
7 65 38.0
7 66 21.0
7 67 45.0
7 68 41.0
7 69 71.0
7 70 92.0
7 71 67.0
7 72 24.0
7 73 34.0
7 74 65.0
7 75 45.0
7 76 11.0
7 77 20.0
7 78 60.0
7 79 48.0
7 80 22.0
7 81 32.0
7 82 14.0
7 83 40.0
7 84 62.0
7 85 44.0
7 86 18.0
7 87 24.0
7 88 27.0
7 89 28.0
7 90 38.0
7 91 40.0
7 92 59.0
7 93 27.0
7 94 32.0
7 95 43.0
7 96 34.0
7 97 34.0
7 98 35.0
7 99 36.0
8 9 60.0
8 10 34.0
8 11 33.0
8 12 43.0
8 13 43.0
8 14 58.0
8 15 51.0
8 16 60.0
8 17 30.0
8 18 34.0
8 19 31.0
8 20 32.0
8 21 46.0
8 22 44.0
8 23 24.0
8 24 35.0
8 25 46.0
8 26 42.0
8 27 39.0
8 28 45.0
8 29 18.0
8 30 47.0
8 31 33.0
8 32 36.0
8 33 48.0
8 34 53.0
8 35 57.0
8 36 49.0
8 37 17.0
8 38 51.0
8 39 46.0
8 40 31.0
8 41 31.0
8 42 100.0
8 43 58.0
8 44 35.0
8 45 58.0
8 46 26.0
8 47 3.0
8 48 60.0
8 49 44.0
8 50 33.0
8 51 49.0
8 52 51.0
8 53 57.0
8 54 63.0
8 55 41.0
8 56 46.0
8 57 38.0
8 58 46.0
8 59 37.0
8 60 84.0
8 61 61.0
8 62 14.0
8 63 40.0
8 64 48.0
8 65 22.0
8 66 34.0
8 67 38.0
8 68 43.0
8 69 61.0
8 70 83.0
8 71 64.0
8 72 8.0
8 73 18.0
8 74 78.0
8 75 37.0
8 76 24.0
8 77 36.0
8 78 44.0
8 79 46.0
8 80 35.0
8 81 45.0
8 82 27.0
8 83 38.0
8 84 67.0
8 85 28.0
8 86 2.0
8 87 8.0
8 88 31.0
8 89 12.0
8 90 22.0
8 91 24.0
8 92 59.0
8 93 31.0
8 94 38.0
8 95 32.0
8 96 18.0
8 97 18.0
8 98 19.0
8 99 32.0
9 10 82.0
9 11 54.0
9 12 66.0
9 13 65.0
9 14 78.0
9 15 75.0
9 16 72.0
9 17 55.0
9 18 58.0
9 19 63.0
9 20 64.0
9 21 71.0
9 22 73.0
9 23 42.0
9 24 62.0
9 25 48.0
9 26 66.0
9 27 63.0
9 28 69.0
9 29 42.0
9 30 73.0
9 31 57.0
9 32 68.0
9 33 73.0
9 34 79.0
9 35 81.0
9 36 66.0
9 37 77.0
9 38 41.0
9 39 70.0
9 40 55.0
9 41 55.0
9 42 118.0
9 43 84.0
9 44 60.0
9 45 83.0
9 46 47.0
9 47 58.0
9 48 82.0
9 49 51.0
9 50 40.0
9 51 46.0
9 52 72.0
9 53 53.0
9 54 73.0
9 55 67.0
9 56 43.0
9 57 56.0
9 58 41.0
9 59 41.0
9 60 109.0
9 61 85.0
9 62 52.0
9 63 30.0
9 64 60.0
9 65 60.0
9 66 59.0
9 67 59.0
9 68 46.0
9 69 97.0
9 70 107.0
9 71 28.0
9 72 58.0
9 73 42.0
9 74 103.0
9 75 50.0
9 76 49.0
9 77 25.0
9 78 68.0
9 79 78.0
9 80 59.0
9 81 52.0
9 82 52.0
9 83 70.0
9 84 71.0
9 85 32.0
9 86 62.0
9 87 68.0
9 88 55.0
9 89 48.0
9 90 60.0
9 91 62.0
9 92 79.0
9 93 55.0
9 94 28.0
9 95 70.0
9 96 50.0
9 97 56.0
9 98 70.0
9 99 64.0
10 11 57.0
10 12 54.0
10 13 46.0
10 14 43.0
10 15 55.0
10 16 61.0
10 17 39.0
10 18 44.0
10 19 55.0
10 20 28.0
10 21 67.0
10 22 74.0
10 23 43.0
10 24 41.0
10 25 65.0
10 26 52.0
10 27 19.0
10 28 25.0
10 29 40.0
10 30 43.0
10 31 55.0
10 32 65.0
10 33 50.0
10 34 49.0
10 35 37.0
10 36 52.0
10 37 51.0
10 38 70.0
10 39 51.0
10 40 27.0
10 41 52.0
10 42 119.0
10 43 54.0
10 44 44.0
10 45 61.0
10 46 50.0
10 47 37.0
10 48 85.0
10 49 65.0
10 50 54.0
10 51 45.0
10 52 75.0
10 53 88.0
10 54 66.0
10 55 37.0
10 56 42.0
10 57 57.0
10 58 44.0
10 59 59.0
10 60 86.0
10 61 75.0
10 62 33.0
10 63 59.0
10 64 49.0
10 65 25.0
10 66 49.0
10 67 62.0
10 68 39.0
10 69 80.0
10 70 80.0
10 71 86.0
10 72 39.0
10 73 40.0
10 74 80.0
10 75 53.0
10 76 45.0
10 77 60.0
10 78 41.0
10 79 75.0
10 80 50.0
10 81 66.0
10 82 42.0
10 83 67.0
10 84 89.0
10 85 50.0
10 86 32.0
10 87 26.0
10 88 41.0
10 89 46.0
10 90 25.0
10 91 43.0
10 92 67.0
10 93 41.0
10 94 57.0
10 95 51.0
10 96 42.0
10 97 37.0
10 98 15.0
10 99 28.0
11 12 44.0
11 13 49.0
11 14 63.0
11 15 56.0
11 16 57.0
11 17 29.0
11 18 42.0
11 19 27.0
11 20 29.0
11 21 51.0
11 22 70.0
11 23 47.0
11 24 32.0
11 25 69.0
11 26 50.0
11 27 38.0
11 28 44.0
11 29 23.0
11 30 54.0
11 31 38.0
11 32 41.0
11 33 53.0
11 34 60.0
11 35 56.0
11 36 58.0
11 37 50.0
11 38 35.0
11 39 54.0
11 40 36.0
11 41 36.0
11 42 123.0
11 43 57.0
11 44 34.0
11 45 64.0
11 46 7.0
11 47 36.0
11 48 28.0
11 49 14.0
11 50 25.0
11 51 48.0
11 52 18.0
11 53 75.0
11 54 73.0
11 55 48.0
11 56 51.0
11 57 61.0
11 58 53.0
11 59 31.0
11 60 89.0
11 61 65.0
11 62 40.0
11 63 35.0
11 64 45.0
11 65 32.0
11 66 33.0
11 67 19.0
11 68 54.0
11 69 82.0
11 70 83.0
11 71 58.0
11 72 34.0
11 73 23.0
11 74 83.0
11 75 49.0
11 76 29.0
11 77 60.0
11 78 44.0
11 79 46.0
11 80 34.0
11 81 37.0
11 82 26.0
11 83 43.0
11 84 57.0
11 85 22.0
11 86 35.0
11 87 41.0
11 88 45.0
11 89 21.0
11 90 32.0
11 91 50.0
11 92 33.0
11 93 45.0
11 94 37.0
11 95 55.0
11 96 15.0
11 97 44.0
11 98 52.0
11 99 29.0
12 13 11.0
12 14 55.0
12 15 60.0
12 16 18.0
12 17 15.0
12 18 28.0
12 19 50.0
12 20 37.0
12 21 43.0
12 22 68.0
12 23 39.0
12 24 44.0
12 25 61.0
12 26 35.0
12 27 36.0
12 28 42.0
12 29 37.0
12 30 36.0
12 31 52.0
12 32 48.0
12 33 45.0
12 34 42.0
12 35 54.0
12 36 44.0
12 37 60.0
12 38 47.0
12 39 16.0
12 40 28.0
12 41 48.0
12 42 115.0
12 43 47.0
12 44 20.0
12 45 67.0
12 46 37.0
12 47 45.0
12 48 72.0
12 49 37.0
12 50 26.0
12 51 48.0
12 52 62.0
12 53 73.0
12 54 73.0
12 55 30.0
12 56 45.0
12 57 53.0
12 58 43.0
12 59 52.0
12 60 81.0
12 61 21.0
12 62 29.0
12 63 36.0
12 64 6.0
12 65 32.0
12 66 11.0
12 67 42.0
12 68 48.0
12 69 75.0
12 70 88.0
12 71 73.0
12 72 35.0
12 73 37.0
12 74 75.0
12 75 34.0
12 76 21.0
12 77 47.0
12 78 49.0
12 79 58.0
12 80 10.0
12 81 38.0
12 82 18.0
12 83 50.0
12 84 82.0
12 85 47.0
12 86 45.0
12 87 50.0
12 88 31.0
12 89 43.0
12 90 32.0
12 91 31.0
12 92 58.0
12 93 31.0
12 94 38.0
12 95 11.0
12 96 45.0
12 97 25.0
12 98 39.0
12 99 37.0
13 14 66.0
13 15 59.0
13 16 17.0
13 17 26.0
13 18 17.0
13 19 47.0
13 20 44.0
13 21 52.0
13 22 64.0
13 23 33.0
13 24 33.0
13 25 55.0
13 26 25.0
13 27 35.0
13 28 41.0
13 29 26.0
13 30 35.0
13 31 41.0
13 32 52.0
13 33 54.0
13 34 41.0
13 35 53.0
13 36 33.0
13 37 60.0
13 38 46.0
13 39 5.0
13 40 27.0
13 41 39.0
13 42 109.0
13 43 46.0
13 44 31.0
13 45 57.0
13 46 42.0
13 47 46.0
13 48 77.0
13 49 36.0
13 50 25.0
13 51 47.0
13 52 67.0
13 53 82.0
13 54 62.0
13 55 29.0
13 56 44.0
13 57 47.0
13 58 42.0
13 59 41.0
13 60 90.0
13 61 32.0
13 62 29.0
13 63 35.0
13 64 5.0
13 65 21.0
13 66 22.0
13 67 53.0
13 68 47.0
13 69 76.0
13 70 77.0
13 71 70.0
13 72 35.0
13 73 26.0
13 74 84.0
13 75 33.0
13 76 30.0
13 77 58.0
13 78 38.0
13 79 62.0
13 80 21.0
13 81 37.0
13 82 29.0
13 83 54.0
13 84 71.0
13 85 36.0
13 86 45.0
13 87 51.0
13 88 20.0
13 89 32.0
13 90 21.0
13 91 39.0
13 92 64.0
13 93 20.0
13 94 37.0
13 95 22.0
13 96 34.0
13 97 33.0
13 98 50.0
13 99 44.0
14 15 33.0
14 16 73.0
14 17 40.0
14 18 53.0
14 19 61.0
14 20 60.0
14 21 62.0
14 22 85.0
14 23 54.0
14 24 65.0
14 25 76.0
14 26 61.0
14 27 62.0
14 28 68.0
14 29 48.0
14 30 62.0
14 31 63.0
14 32 22.0
14 33 64.0
14 34 77.0
14 35 80.0
14 36 69.0
14 37 75.0
14 38 37.0
14 39 65.0
14 40 61.0
14 41 61.0
14 42 130.0
14 43 82.0
14 44 45.0
14 45 84.0
14 46 56.0
14 47 61.0
14 48 91.0
14 49 60.0
14 50 49.0
14 51 66.0
14 52 81.0
14 53 92.0
14 54 93.0
14 55 68.0
14 56 63.0
14 57 68.0
14 58 65.0
14 59 67.0
14 60 100.0
14 61 76.0
14 62 44.0
14 63 48.0
14 64 61.0
14 65 52.0
14 66 44.0
14 67 68.0
14 68 66.0
14 69 91.0
14 70 110.0
14 71 94.0
14 72 50.0
14 73 48.0
14 74 94.0
14 75 67.0
14 76 40.0
14 77 71.0
14 78 71.0
14 79 32.0
14 80 45.0
14 81 61.0
14 82 37.0
14 83 24.0
14 84 97.0
14 85 58.0
14 86 60.0
14 87 66.0
14 88 56.0
14 89 46.0
14 90 52.0
14 91 46.0
14 92 45.0
14 93 56.0
14 94 50.0
14 95 54.0
14 96 48.0
14 97 40.0
14 98 58.0
14 99 60.0
15 16 76.0
15 17 45.0
15 18 58.0
15 19 54.0
15 20 27.0
15 21 67.0
15 22 88.0
15 23 68.0
15 24 58.0
15 25 89.0
15 26 66.0
15 27 36.0
15 28 42.0
15 29 33.0
15 30 57.0
15 31 48.0
15 32 55.0
15 33 69.0
15 34 70.0
15 35 54.0
15 36 74.0
15 37 68.0
15 38 70.0
15 39 64.0
15 40 44.0
15 41 46.0
15 42 144.0
15 43 72.0
15 44 50.0
15 45 74.0
15 46 49.0
15 47 54.0
15 48 84.0
15 49 65.0
15 50 54.0
15 51 74.0
15 52 74.0
15 53 95.0
15 54 78.0
15 55 58.0
15 56 77.0
15 57 81.0
15 58 76.0
15 59 52.0
15 60 105.0
15 61 76.0
15 62 58.0
15 63 64.0
15 64 64.0
15 65 66.0
15 66 49.0
15 67 61.0
15 68 80.0
15 69 99.0
15 70 87.0
15 71 79.0
15 72 52.0
15 73 33.0
15 74 99.0
15 75 67.0
15 76 45.0
15 77 76.0
15 78 48.0
15 79 65.0
15 80 50.0
15 81 62.0
15 82 42.0
15 83 57.0
15 84 82.0
15 85 43.0
15 86 53.0
15 87 59.0
15 88 58.0
15 89 39.0
15 90 66.0
15 91 68.0
15 92 74.0
15 93 58.0
15 94 66.0
15 95 71.0
15 96 41.0
15 97 62.0
15 98 69.0
15 99 27.0
16 17 33.0
16 18 34.0
16 19 56.0
16 20 51.0
16 21 61.0
16 22 50.0
16 23 50.0
16 24 50.0
16 25 72.0
16 26 42.0
16 27 42.0
16 28 48.0
16 29 43.0
16 30 42.0
16 31 58.0
16 32 66.0
16 33 63.0
16 34 48.0
16 35 60.0
16 36 50.0
16 37 77.0
16 38 53.0
16 39 22.0
16 40 34.0
16 41 56.0
16 42 126.0
16 43 53.0
16 44 38.0
16 45 49.0
16 46 55.0
16 47 63.0
16 48 68.0
16 49 43.0
16 50 32.0
16 51 54.0
16 52 58.0
16 53 91.0
16 54 79.0
16 55 36.0
16 56 51.0
16 57 64.0
16 58 49.0
16 59 58.0
16 60 99.0
16 61 39.0
16 62 46.0
16 63 42.0
16 64 12.0
16 65 38.0
16 66 29.0
16 67 60.0
16 68 54.0
16 69 89.0
16 70 91.0
16 71 79.0
16 72 52.0
16 73 43.0
16 74 93.0
16 75 40.0
16 76 39.0
16 77 65.0
16 78 52.0
16 79 76.0
16 80 28.0
16 81 44.0
16 82 36.0
16 83 68.0
16 84 88.0
16 85 53.0
16 86 62.0
16 87 68.0
16 88 37.0
16 89 49.0
16 90 38.0
16 91 49.0
16 92 71.0
16 93 37.0
16 94 44.0
16 95 29.0
16 96 51.0
16 97 43.0
16 98 57.0
16 99 51.0
17 18 19.0
17 19 39.0
17 20 22.0
17 21 28.0
17 22 66.0
17 23 35.0
17 24 47.0
17 25 47.0
17 26 27.0
17 27 31.0
17 28 37.0
17 29 38.0
17 30 31.0
17 31 50.0
17 32 33.0
17 33 30.0
17 34 49.0
17 35 49.0
17 36 35.0
17 37 47.0
17 38 36.0
17 39 31.0
17 40 39.0
17 41 50.0
17 42 111.0
17 43 54.0
17 44 5.0
17 45 75.0
17 46 22.0
17 47 30.0
17 48 57.0
17 49 26.0
17 50 15.0
17 51 53.0
17 52 47.0
17 53 58.0
17 54 73.0
17 55 37.0
17 56 50.0
17 57 49.0
17 58 51.0
17 59 46.0
17 60 66.0
17 61 36.0
17 62 31.0
17 63 25.0
17 64 21.0
17 65 39.0
17 66 10.0
17 67 34.0
17 68 47.0
17 69 60.0
17 70 75.0
17 71 62.0
17 72 37.0
17 73 38.0
17 74 60.0
17 75 49.0
17 76 6.0
17 77 35.0
17 78 58.0
17 79 43.0
17 80 11.0
17 81 27.0
17 82 3.0
17 83 35.0
17 84 72.0
17 85 37.0
17 86 32.0
17 87 35.0
17 88 22.0
17 89 36.0
17 90 39.0
17 91 33.0
17 92 43.0
17 93 22.0
17 94 27.0
17 95 26.0
17 96 30.0
17 97 27.0
17 98 24.0
17 99 22.0
18 19 46.0
18 20 34.0
18 21 35.0
18 22 47.0
18 23 16.0
18 24 47.0
18 25 38.0
18 26 8.0
18 27 25.0
18 28 31.0
18 29 43.0
18 30 50.0
18 31 46.0
18 32 40.0
18 33 37.0
18 34 58.0
18 35 43.0
18 36 16.0
18 37 51.0
18 38 34.0
18 39 12.0
18 40 33.0
18 41 44.0
18 42 92.0
18 43 63.0
18 44 24.0
18 45 65.0
18 46 35.0
18 47 37.0
18 48 70.0
18 49 33.0
18 50 22.0
18 51 46.0
18 52 60.0
18 53 65.0
18 54 73.0
18 55 46.0
18 56 43.0
18 57 30.0
18 58 41.0
18 59 47.0
18 60 73.0
18 61 49.0
18 62 25.0
18 63 32.0
18 64 22.0
18 65 33.0
18 66 23.0
18 67 44.0
18 68 46.0
18 69 72.0
18 70 82.0
18 71 69.0
18 72 31.0
18 73 43.0
18 74 67.0
18 75 32.0
18 76 13.0
18 77 44.0
18 78 55.0
18 79 50.0
18 80 24.0
18 81 34.0
18 82 16.0
18 83 42.0
18 84 77.0
18 85 50.0
18 86 32.0
18 87 38.0
18 88 3.0
18 89 46.0
18 90 33.0
18 91 35.0
18 92 61.0
18 93 3.0
18 94 30.0
18 95 32.0
18 96 43.0
18 97 29.0
18 98 43.0
18 99 34.0
19 20 27.0
19 21 24.0
19 22 68.0
19 23 48.0
19 24 30.0
19 25 70.0
19 26 54.0
19 27 36.0
19 28 42.0
19 29 21.0
19 30 52.0
19 31 36.0
19 32 39.0
19 33 57.0
19 34 58.0
19 35 54.0
19 36 62.0
19 37 48.0
19 38 45.0
19 39 52.0
19 40 34.0
19 41 34.0
19 42 124.0
19 43 63.0
19 44 44.0
19 45 62.0
19 46 21.0
19 47 34.0
19 48 55.0
19 49 13.0
19 50 24.0
19 51 46.0
19 52 45.0
19 53 73.0
19 54 73.0
19 55 46.0
19 56 49.0
19 57 62.0
19 58 51.0
19 59 40.0
19 60 84.0
19 61 64.0
19 62 38.0
19 63 34.0
19 64 44.0
19 65 46.0
19 66 43.0
19 67 33.0
19 68 52.0
19 69 81.0
19 70 86.0
19 71 67.0
19 72 32.0
19 73 21.0
19 74 87.0
19 75 47.0
19 76 33.0
19 77 64.0
19 78 47.0
19 79 49.0
19 80 43.0
19 81 36.0
19 82 36.0
19 83 41.0
19 84 70.0
19 85 31.0
19 86 33.0
19 87 39.0
19 88 49.0
19 89 19.0
19 90 46.0
19 91 48.0
19 92 60.0
19 93 49.0
19 94 36.0
19 95 56.0
19 96 13.0
19 97 42.0
19 98 50.0
19 99 27.0
20 21 50.0
20 22 69.0
20 23 44.0
20 24 31.0
20 25 66.0
20 26 42.0
20 27 9.0
20 28 15.0
20 29 22.0
20 30 53.0
20 31 37.0
20 32 40.0
20 33 52.0
20 34 59.0
20 35 27.0
20 36 50.0
20 37 49.0
20 38 50.0
20 39 46.0
20 40 17.0
20 41 35.0
20 42 120.0
20 43 64.0
20 44 27.0
20 45 63.0
20 46 22.0
20 47 32.0
20 48 57.0
20 49 40.0
20 50 37.0
20 51 47.0
20 52 47.0
20 53 74.0
20 54 51.0
20 55 47.0
20 56 50.0
20 57 58.0
20 58 52.0
20 59 41.0
20 60 88.0
20 61 58.0
20 62 39.0
20 63 47.0
20 64 39.0
20 65 47.0
20 66 32.0
20 67 34.0
20 68 53.0
20 69 78.0
20 70 87.0
20 71 68.0
20 72 33.0
20 73 22.0
20 74 82.0
20 75 48.0
20 76 28.0
20 77 56.0
20 78 48.0
20 79 50.0
20 80 33.0
20 81 49.0
20 82 25.0
20 83 42.0
20 84 71.0
20 85 32.0
20 86 34.0
20 87 40.0
20 88 31.0
20 89 20.0
20 90 47.0
20 91 49.0
20 92 62.0
20 93 31.0
20 94 49.0
20 95 48.0
20 96 14.0
20 97 43.0
20 98 43.0
20 99 0.0
21 22 82.0
21 23 51.0
21 24 54.0
21 25 73.0
21 26 43.0
21 27 59.0
21 28 63.0
21 29 45.0
21 30 59.0
21 31 60.0
21 32 49.0
21 33 46.0
21 34 77.0
21 35 75.0
21 36 51.0
21 37 63.0
21 38 52.0
21 39 47.0
21 40 58.0
21 41 58.0
21 42 127.0
21 43 78.0
21 44 33.0
21 45 79.0
21 46 44.0
21 47 46.0
21 48 79.0
21 49 37.0
21 50 31.0
21 51 38.0
21 52 69.0
21 53 74.0
21 54 65.0
21 55 65.0
21 56 35.0
21 57 65.0
21 58 37.0
21 59 64.0
21 60 60.0
21 61 64.0
21 62 53.0
21 63 41.0
21 64 49.0
21 65 61.0
21 66 32.0
21 67 56.0
21 68 38.0
21 69 82.0
21 70 103.0
21 71 78.0
21 72 54.0
21 73 45.0
21 74 66.0
21 75 46.0
21 76 22.0
21 77 53.0
21 78 71.0
21 79 59.0
21 80 33.0
21 81 43.0
21 82 25.0
21 83 51.0
21 84 94.0
21 85 55.0
21 86 48.0
21 87 54.0
21 88 38.0
21 89 43.0
21 90 61.0
21 91 55.0
21 92 70.0
21 93 38.0
21 94 43.0
21 95 54.0
21 96 37.0
21 97 49.0
21 98 52.0
21 99 50.0
22 23 31.0
22 24 72.0
22 25 25.0
22 26 55.0
22 27 66.0
22 28 72.0
22 29 55.0
22 30 86.0
22 31 50.0
22 32 73.0
22 33 84.0
22 34 92.0
22 35 84.0
22 36 63.0
22 37 61.0
22 38 58.0
22 39 59.0
22 40 68.0
22 41 60.0
22 42 107.0
22 43 97.0
22 44 67.0
22 45 85.0
22 46 63.0
22 47 47.0
22 48 98.0
22 49 68.0
22 50 57.0
22 51 71.0
22 52 88.0
22 53 78.0
22 54 90.0
22 55 80.0
22 56 68.0
22 57 17.0
22 58 68.0
22 59 74.0
22 60 120.0
22 61 89.0
22 62 41.0
22 63 47.0
22 64 62.0
22 65 49.0
22 66 62.0
22 67 59.0
22 68 65.0
22 69 88.0
22 70 69.0
22 71 101.0
22 72 36.0
22 73 55.0
22 74 114.0
22 75 59.0
22 76 60.0
22 77 80.0
22 78 76.0
22 79 83.0
22 80 63.0
22 81 69.0
22 82 63.0
22 83 75.0
22 84 99.0
22 85 65.0
22 86 46.0
22 87 52.0
22 88 44.0
22 89 53.0
22 90 49.0
22 91 51.0
22 92 96.0
22 93 44.0
22 94 45.0
22 95 59.0
22 96 55.0
22 97 45.0
22 98 63.0
22 99 69.0
23 24 52.0
23 25 22.0
23 26 24.0
23 27 35.0
23 28 41.0
23 29 35.0
23 30 66.0
23 31 47.0
23 32 53.0
23 33 53.0
23 34 67.0
23 35 53.0
23 36 32.0
23 37 41.0
23 38 27.0
23 39 28.0
23 40 43.0
23 41 29.0
23 42 76.0
23 43 72.0
23 44 40.0
23 45 54.0
23 46 40.0
23 47 27.0
23 48 75.0
23 49 37.0
23 50 26.0
23 51 40.0
23 52 65.0
23 53 81.0
23 54 59.0
23 55 60.0
23 56 37.0
23 57 14.0
23 58 37.0
23 59 54.0
23 60 89.0
23 61 60.0
23 62 10.0
23 63 16.0
23 64 38.0
23 65 18.0
23 66 31.0
23 67 28.0
23 68 34.0
23 69 57.0
23 70 66.0
23 71 70.0
23 72 16.0
23 73 35.0
23 74 83.0
23 75 28.0
23 76 29.0
23 77 53.0
23 78 45.0
23 79 63.0
23 80 32.0
23 81 38.0
23 82 32.0
23 83 55.0
23 84 84.0
23 85 45.0
23 86 26.0
23 87 32.0
23 88 13.0
23 89 33.0
23 90 18.0
23 91 20.0
23 92 65.0
23 93 13.0
23 94 14.0
23 95 28.0
23 96 35.0
23 97 14.0
23 98 43.0
23 99 44.0
24 25 74.0
24 26 55.0
24 27 22.0
24 28 28.0
24 29 25.0
24 30 56.0
24 31 40.0
24 32 43.0
24 33 71.0
24 34 61.0
24 35 40.0
24 36 46.0
24 37 52.0
24 38 53.0
24 39 38.0
24 40 30.0
24 41 38.0
24 42 128.0
24 43 56.0
24 44 52.0
24 45 63.0
24 46 25.0
24 47 38.0
24 48 60.0
24 49 43.0
24 50 54.0
24 51 16.0
24 52 50.0
24 53 65.0
24 54 43.0
24 55 50.0
24 56 19.0
24 57 66.0
24 58 21.0
24 59 44.0
24 60 107.0
24 61 65.0
24 62 42.0
24 63 44.0
24 64 38.0
24 65 50.0
24 66 51.0
24 67 37.0
24 68 22.0
24 69 66.0
24 70 90.0
24 71 71.0
24 72 36.0
24 73 25.0
24 74 101.0
24 75 30.0
24 76 47.0
24 77 37.0
24 78 51.0
24 79 53.0
24 80 52.0
24 81 54.0
24 82 44.0
24 83 45.0
24 84 74.0
24 85 35.0
24 86 37.0
24 87 43.0
24 88 44.0
24 89 23.0
24 90 50.0
24 91 52.0
24 92 65.0
24 93 44.0
24 94 42.0
24 95 55.0
24 96 17.0
24 97 46.0
24 98 46.0
24 99 31.0
25 26 46.0
25 27 57.0
25 28 63.0
25 29 56.0
25 30 68.0
25 31 41.0
25 32 75.0
25 33 75.0
25 34 75.0
25 35 75.0
25 36 54.0
25 37 63.0
25 38 49.0
25 39 50.0
25 40 65.0
25 41 51.0
25 42 98.0
25 43 80.0
25 44 42.0
25 45 76.0
25 46 62.0
25 47 49.0
25 48 97.0
25 49 59.0
25 50 48.0
25 51 62.0
25 52 87.0
25 53 101.0
25 54 81.0
25 55 74.0
25 56 59.0
25 57 8.0
25 58 59.0
25 59 75.0
25 60 111.0
25 61 82.0
25 62 32.0
25 63 38.0
25 64 60.0
25 65 40.0
25 66 53.0
25 67 50.0
25 68 56.0
25 69 64.0
25 70 60.0
25 71 76.0
25 72 38.0
25 73 56.0
25 74 105.0
25 75 50.0
25 76 51.0
25 77 73.0
25 78 67.0
25 79 85.0
25 80 54.0
25 81 60.0
25 82 50.0
25 83 77.0
25 84 105.0
25 85 66.0
25 86 48.0
25 87 54.0
25 88 35.0
25 89 55.0
25 90 40.0
25 91 42.0
25 92 80.0
25 93 35.0
25 94 36.0
25 95 50.0
25 96 57.0
25 97 36.0
25 98 65.0
25 99 66.0
26 27 33.0
26 28 39.0
26 29 51.0
26 30 58.0
26 31 54.0
26 32 48.0
26 33 45.0
26 34 66.0
26 35 51.0
26 36 24.0
26 37 59.0
26 38 42.0
26 39 20.0
26 40 41.0
26 41 52.0
26 42 100.0
26 43 71.0
26 44 32.0
26 45 73.0
26 46 43.0
26 47 45.0
26 48 78.0
26 49 41.0
26 50 30.0
26 51 54.0
26 52 68.0
26 53 73.0
26 54 81.0
26 55 54.0
26 56 51.0
26 57 38.0
26 58 49.0
26 59 55.0
26 60 81.0
26 61 56.0
26 62 33.0
26 63 40.0
26 64 30.0
26 65 41.0
26 66 31.0
26 67 52.0
26 68 54.0
26 69 80.0
26 70 90.0
26 71 77.0
26 72 39.0
26 73 51.0
26 74 75.0
26 75 40.0
26 76 21.0
26 77 52.0
26 78 63.0
26 79 58.0
26 80 32.0
26 81 42.0
26 82 24.0
26 83 50.0
26 84 85.0
26 85 58.0
26 86 40.0
26 87 46.0
26 88 11.0
26 89 54.0
26 90 41.0
26 91 43.0
26 92 69.0
26 93 11.0
26 94 38.0
26 95 24.0
26 96 51.0
26 97 37.0
26 98 51.0
26 99 42.0
27 28 6.0
27 29 21.0
27 30 52.0
27 31 36.0
27 32 47.0
27 33 61.0
27 34 58.0
27 35 18.0
27 36 41.0
27 37 56.0
27 38 59.0
27 39 37.0
27 40 8.0
27 41 34.0
27 42 111.0
27 43 63.0
27 44 36.0
27 45 62.0
27 46 31.0
27 47 41.0
27 48 66.0
27 49 49.0
27 50 46.0
27 51 38.0
27 52 56.0
27 53 83.0
27 54 60.0
27 55 46.0
27 56 41.0
27 57 49.0
27 58 43.0
27 59 40.0
27 60 97.0
27 61 57.0
27 62 44.0
27 63 51.0
27 64 30.0
27 65 44.0
27 66 41.0
27 67 43.0
27 68 44.0
27 69 87.0
27 70 86.0
27 71 67.0
27 72 40.0
27 73 21.0
27 74 91.0
27 75 52.0
27 76 37.0
27 77 59.0
27 78 47.0
27 79 57.0
27 80 42.0
27 81 50.0
27 82 34.0
27 83 49.0
27 84 70.0
27 85 31.0
27 86 41.0
27 87 45.0
27 88 22.0
27 89 27.0
27 90 44.0
27 91 54.0
27 92 70.0
27 93 22.0
27 94 49.0
27 95 47.0
27 96 23.0
27 97 48.0
27 98 34.0
27 99 9.0
28 29 27.0
28 30 58.0
28 31 42.0
28 32 53.0
28 33 67.0
28 34 64.0
28 35 12.0
28 36 47.0
28 37 62.0
28 38 65.0
28 39 43.0
28 40 14.0
28 41 40.0
28 42 117.0
28 43 69.0
28 44 42.0
28 45 68.0
28 46 37.0
28 47 47.0
28 48 72.0
28 49 55.0
28 50 52.0
28 51 44.0
28 52 62.0
28 53 89.0
28 54 66.0
28 55 52.0
28 56 47.0
28 57 55.0
28 58 49.0
28 59 46.0
28 60 103.0
28 61 63.0
28 62 50.0
28 63 57.0
28 64 36.0
28 65 50.0
28 66 47.0
28 67 49.0
28 68 50.0
28 69 93.0
28 70 92.0
28 71 73.0
28 72 46.0
28 73 27.0
28 74 97.0
28 75 52.0
28 76 43.0
28 77 65.0
28 78 53.0
28 79 63.0
28 80 48.0
28 81 56.0
28 82 40.0
28 83 55.0
28 84 76.0
28 85 37.0
28 86 47.0
28 87 51.0
28 88 28.0
28 89 33.0
28 90 50.0
28 91 60.0
28 92 76.0
28 93 28.0
28 94 55.0
28 95 53.0
28 96 29.0
28 97 54.0
28 98 40.0
28 99 15.0
29 30 31.0
29 31 15.0
29 32 26.0
29 33 62.0
29 34 37.0
29 35 39.0
29 36 50.0
29 37 35.0
29 38 44.0
29 39 31.0
29 40 13.0
29 41 13.0
29 42 111.0
29 43 42.0
29 44 43.0
29 45 41.0
29 46 16.0
29 47 21.0
29 48 51.0
29 49 34.0
29 50 41.0
29 51 41.0
29 52 41.0
29 53 62.0
29 54 62.0
29 55 25.0
29 56 44.0
29 57 48.0
29 58 43.0
29 59 19.0
29 60 98.0
29 61 43.0
29 62 25.0
29 63 51.0
29 64 31.0
29 65 33.0
29 66 42.0
29 67 28.0
29 68 47.0
29 69 72.0
29 70 65.0
29 71 46.0
29 72 19.0
29 73 0.0
29 74 92.0
29 75 34.0
29 76 38.0
29 77 54.0
29 78 26.0
29 79 36.0
29 80 43.0
29 81 29.0
29 82 35.0
29 83 28.0
29 84 49.0
29 85 10.0
29 86 20.0
29 87 26.0
29 88 43.0
29 89 6.0
29 90 33.0
29 91 35.0
29 92 49.0
29 93 43.0
29 94 49.0
29 95 43.0
29 96 8.0
29 97 29.0
29 98 37.0
29 99 22.0
30 31 46.0
30 32 57.0
30 33 61.0
30 34 18.0
30 35 70.0
30 36 66.0
30 37 64.0
30 38 58.0
30 39 40.0
30 40 44.0
30 41 44.0
30 42 142.0
30 43 23.0
30 44 26.0
30 45 72.0
30 46 47.0
30 47 50.0
30 48 82.0
30 49 57.0
30 50 46.0
30 51 58.0
30 52 72.0
30 53 68.0
30 54 85.0
30 55 6.0
30 56 55.0
30 57 76.0
30 58 57.0
30 59 50.0
30 60 97.0
30 61 57.0
30 62 56.0
30 63 56.0
30 64 30.0
30 65 56.0
30 66 41.0
30 67 56.0
30 68 52.0
30 69 91.0
30 70 96.0
30 71 77.0
30 72 50.0
30 73 31.0
30 74 91.0
30 75 58.0
30 76 37.0
30 77 66.0
30 78 57.0
30 79 67.0
30 80 42.0
30 81 58.0
30 82 34.0
30 83 59.0
30 84 80.0
30 85 41.0
30 86 45.0
30 87 39.0
30 88 53.0
30 89 37.0
30 90 56.0
30 91 64.0
30 92 64.0
30 93 53.0
30 94 58.0
30 95 47.0
30 96 39.0
30 97 58.0
30 98 28.0
30 99 53.0
31 32 41.0
31 33 77.0
31 34 52.0
31 35 54.0
31 36 62.0
31 37 50.0
31 38 48.0
31 39 46.0
31 40 28.0
31 41 28.0
31 42 123.0
31 43 57.0
31 44 55.0
31 45 56.0
31 46 31.0
31 47 36.0
31 48 66.0
31 49 49.0
31 50 47.0
31 51 56.0
31 52 56.0
31 53 77.0
31 54 77.0
31 55 40.0
31 56 58.0
31 57 33.0
31 58 58.0
31 59 34.0
31 60 113.0
31 61 58.0
31 62 40.0
31 63 37.0
31 64 46.0
31 65 48.0
31 66 57.0
31 67 43.0
31 68 55.0
31 69 87.0
31 70 80.0
31 71 61.0
31 72 34.0
31 73 15.0
31 74 107.0
31 75 49.0
31 76 53.0
31 77 69.0
31 78 41.0
31 79 51.0
31 80 58.0
31 81 44.0
31 82 50.0
31 83 43.0
31 84 64.0
31 85 25.0
31 86 35.0
31 87 41.0
31 88 49.0
31 89 21.0
31 90 48.0
31 91 50.0
31 92 64.0
31 93 49.0
31 94 35.0
31 95 58.0
31 96 23.0
31 97 44.0
31 98 52.0
31 99 37.0
32 33 51.0
32 34 63.0
32 35 65.0
32 36 56.0
32 37 53.0
32 38 57.0
32 39 52.0
32 40 39.0
32 41 39.0
32 42 129.0
32 43 68.0
32 44 38.0
32 45 62.0
32 46 34.0
32 47 39.0
32 48 69.0
32 49 47.0
32 50 36.0
32 51 44.0
32 52 59.0
32 53 79.0
32 54 71.0
32 55 51.0
32 56 41.0
32 57 67.0
32 58 43.0
32 59 45.0
32 60 87.0
32 61 69.0
32 62 43.0
32 63 46.0
32 64 54.0
32 65 51.0
32 66 37.0
32 67 46.0
32 68 44.0
32 69 87.0
32 70 88.0
32 71 72.0
32 72 37.0
32 73 26.0
32 74 81.0
32 75 52.0
32 76 27.0
32 77 58.0
32 78 49.0
32 79 10.0
32 80 38.0
32 81 48.0
32 82 30.0
32 83 2.0
32 84 75.0
32 85 36.0
32 86 38.0
32 87 44.0
32 88 43.0
32 89 24.0
32 90 51.0
32 91 53.0
32 92 23.0
32 93 43.0
32 94 48.0
32 95 59.0
32 96 26.0
32 97 47.0
32 98 55.0
32 99 40.0
33 34 69.0
33 35 79.0
33 36 53.0
33 37 65.0
33 38 54.0
33 39 49.0
33 40 69.0
33 41 74.0
33 42 101.0
33 43 74.0
33 44 35.0
33 45 99.0
33 46 46.0
33 47 48.0
33 48 81.0
33 49 44.0
33 50 33.0
33 51 65.0
33 52 71.0
33 53 76.0
33 54 92.0
33 55 57.0
33 56 62.0
33 57 67.0
33 58 64.0
33 59 70.0
33 60 36.0
33 61 66.0
33 62 55.0
33 63 43.0
33 64 51.0
33 65 63.0
33 66 34.0
33 67 58.0
33 68 59.0
33 69 84.0
33 70 105.0
33 71 80.0
33 72 56.0
33 73 62.0
33 74 30.0
33 75 69.0
33 76 24.0
33 77 55.0
33 78 82.0
33 79 61.0
33 80 35.0
33 81 45.0
33 82 27.0
33 83 53.0
33 84 96.0
33 85 61.0
33 86 50.0
33 87 46.0
33 88 40.0
33 89 60.0
33 90 63.0
33 91 57.0
33 92 72.0
33 93 40.0
33 94 45.0
33 95 56.0
33 96 54.0
33 97 51.0
33 98 35.0
33 99 52.0
34 35 76.0
34 36 71.0
34 37 49.0
34 38 40.0
34 39 46.0
34 40 50.0
34 41 50.0
34 42 143.0
34 43 5.0
34 44 44.0
34 45 78.0
34 46 53.0
34 47 56.0
34 48 88.0
34 49 67.0
34 50 56.0
34 51 45.0
34 52 78.0
34 53 50.0
34 54 72.0
34 55 12.0
34 56 48.0
34 57 81.0
34 58 50.0
34 59 56.0
34 60 105.0
34 61 63.0
34 62 62.0
34 63 51.0
34 64 36.0
34 65 62.0
34 66 53.0
34 67 65.0
34 68 51.0
34 69 109.0
34 70 102.0
34 71 59.0
34 72 56.0
34 73 37.0
34 74 99.0
34 75 55.0
34 76 55.0
34 77 66.0
34 78 63.0
34 79 73.0
34 80 52.0
34 81 66.0
34 82 52.0
34 83 65.0
34 84 71.0
34 85 47.0
34 86 51.0
34 87 45.0
34 88 61.0
34 89 43.0
34 90 62.0
34 91 72.0
34 92 82.0
34 93 61.0
34 94 53.0
34 95 53.0
34 96 45.0
34 97 66.0
34 98 34.0
34 99 59.0
35 36 59.0
35 37 74.0
35 38 77.0
35 39 55.0
35 40 26.0
35 41 52.0
35 42 129.0
35 43 81.0
35 44 54.0
35 45 80.0
35 46 49.0
35 47 59.0
35 48 84.0
35 49 67.0
35 50 64.0
35 51 56.0
35 52 74.0
35 53 90.0
35 54 78.0
35 55 64.0
35 56 59.0
35 57 67.0
35 58 61.0
35 59 58.0
35 60 115.0
35 61 75.0
35 62 62.0
35 63 69.0
35 64 48.0
35 65 62.0
35 66 59.0
35 67 61.0
35 68 62.0
35 69 105.0
35 70 104.0
35 71 85.0
35 72 58.0
35 73 39.0
35 74 109.0
35 75 64.0
35 76 55.0
35 77 62.0
35 78 65.0
35 79 75.0
35 80 60.0
35 81 68.0
35 82 52.0
35 83 67.0
35 84 88.0
35 85 49.0
35 86 59.0
35 87 63.0
35 88 40.0
35 89 45.0
35 90 62.0
35 91 72.0
35 92 88.0
35 93 40.0
35 94 67.0
35 95 65.0
35 96 41.0
35 97 66.0
35 98 52.0
35 99 27.0
36 37 66.0
36 38 50.0
36 39 28.0
36 40 49.0
36 41 54.0
36 42 108.0
36 43 66.0
36 44 40.0
36 45 49.0
36 46 51.0
36 47 52.0
36 48 86.0
36 49 49.0
36 50 38.0
36 51 30.0
36 52 76.0
36 53 69.0
36 54 57.0
36 55 62.0
36 56 27.0
36 57 46.0
36 58 25.0
36 59 63.0
36 60 89.0
36 61 65.0
36 62 35.0
36 63 48.0
36 64 38.0
36 65 27.0
36 66 39.0
36 67 60.0
36 68 30.0
36 69 82.0
36 70 98.0
36 71 85.0
36 72 41.0
36 73 50.0
36 74 83.0
36 75 16.0
36 76 29.0
36 77 41.0
36 78 68.0
36 79 66.0
36 80 40.0
36 81 50.0
36 82 32.0
36 83 58.0
36 84 90.0
36 85 60.0
36 86 48.0
36 87 45.0
36 88 19.0
36 89 48.0
36 90 27.0
36 91 45.0
36 92 77.0
36 93 19.0
36 94 46.0
36 95 48.0
36 96 50.0
36 97 39.0
36 98 54.0
36 99 50.0
37 38 68.0
37 39 63.0
37 40 48.0
37 41 48.0
37 42 117.0
37 43 44.0
37 44 52.0
37 45 75.0
37 46 43.0
37 47 20.0
37 48 77.0
37 49 61.0
37 50 50.0
37 51 66.0
37 52 68.0
37 53 74.0
37 54 80.0
37 55 58.0
37 56 63.0
37 57 55.0
37 58 63.0
37 59 54.0
37 60 101.0
37 61 78.0
37 62 31.0
37 63 57.0
37 64 65.0
37 65 39.0
37 66 51.0
37 67 55.0
37 68 60.0
37 69 78.0
37 70 100.0
37 71 81.0
37 72 25.0
37 73 35.0
37 74 95.0
37 75 54.0
37 76 41.0
37 77 53.0
37 78 61.0
37 79 63.0
37 80 52.0
37 81 62.0
37 82 44.0
37 83 55.0
37 84 84.0
37 85 45.0
37 86 19.0
37 87 25.0
37 88 48.0
37 89 29.0
37 90 39.0
37 91 41.0
37 92 76.0
37 93 48.0
37 94 55.0
37 95 49.0
37 96 35.0
37 97 35.0
37 98 36.0
37 99 49.0
38 39 46.0
38 40 57.0
38 41 56.0
38 42 103.0
38 43 45.0
38 44 41.0
38 45 79.0
38 46 28.0
38 47 54.0
38 48 63.0
38 49 32.0
38 50 21.0
38 51 39.0
38 52 53.0
38 53 82.0
38 54 66.0
38 55 52.0
38 56 36.0
38 57 41.0
38 58 38.0
38 59 52.0
38 60 90.0
38 61 68.0
38 62 37.0
38 63 11.0
38 64 41.0
38 65 45.0
38 66 40.0
38 67 40.0
38 68 33.0
38 69 78.0
38 70 93.0
38 71 68.0
38 72 43.0
38 73 44.0
38 74 84.0
38 75 47.0
38 76 30.0
38 77 54.0
38 78 70.0
38 79 67.0
38 80 40.0
38 81 33.0
38 82 33.0
38 83 59.0
38 84 78.0
38 85 43.0
38 86 53.0
38 87 59.0
38 88 37.0
38 89 42.0
38 90 45.0
38 91 47.0
38 92 60.0
38 93 37.0
38 94 13.0
38 95 55.0
38 96 36.0
38 97 41.0
38 98 57.0
38 99 50.0
39 40 32.0
39 41 44.0
39 42 104.0
39 43 51.0
39 44 36.0
39 45 62.0
39 46 47.0
39 47 49.0
39 48 75.0
39 49 41.0
39 50 30.0
39 51 52.0
39 52 65.0
39 53 77.0
39 54 67.0
39 55 34.0
39 56 49.0
39 57 42.0
39 58 47.0
39 59 46.0
39 60 85.0
39 61 37.0
39 62 34.0
39 63 40.0
39 64 10.0
39 65 26.0
39 66 27.0
39 67 56.0
39 68 52.0
39 69 81.0
39 70 82.0
39 71 75.0
39 72 40.0
39 73 31.0
39 74 79.0
39 75 38.0
39 76 25.0
39 77 56.0
39 78 43.0
39 79 62.0
39 80 26.0
39 81 42.0
39 82 28.0
39 83 54.0
39 84 76.0
39 85 41.0
39 86 44.0
39 87 50.0
39 88 15.0
39 89 37.0
39 90 26.0
39 91 44.0
39 92 69.0
39 93 15.0
39 94 42.0
39 95 27.0
39 96 39.0
39 97 38.0
39 98 55.0
39 99 46.0
40 41 26.0
40 42 119.0
40 43 55.0
40 44 44.0
40 45 54.0
40 46 29.0
40 47 34.0
40 48 64.0
40 49 47.0
40 50 42.0
40 51 46.0
40 52 54.0
40 53 75.0
40 54 68.0
40 55 38.0
40 56 49.0
40 57 57.0
40 58 51.0
40 59 32.0
40 60 105.0
40 61 49.0
40 62 38.0
40 63 52.0
40 64 22.0
40 65 46.0
40 66 39.0
40 67 41.0
40 68 52.0
40 69 85.0
40 70 78.0
40 71 59.0
40 72 32.0
40 73 13.0
40 74 99.0
40 75 47.0
40 76 45.0
40 77 67.0
40 78 39.0
40 79 49.0
40 80 38.0
40 81 42.0
40 82 42.0
40 83 41.0
40 84 62.0
40 85 23.0
40 86 33.0
40 87 39.0
40 88 30.0
40 89 19.0
40 90 46.0
40 91 48.0
40 92 62.0
40 93 30.0
40 94 54.0
40 95 39.0
40 96 21.0
40 97 42.0
40 98 42.0
40 99 17.0
41 42 105.0
41 43 55.0
41 44 55.0
41 45 54.0
41 46 29.0
41 47 34.0
41 48 64.0
41 49 47.0
41 50 54.0
41 51 54.0
41 52 54.0
41 53 75.0
41 54 68.0
41 55 38.0
41 56 57.0
41 57 43.0
41 58 56.0
41 59 32.0
41 60 110.0
41 61 56.0
41 62 19.0
41 63 45.0
41 64 44.0
41 65 27.0
41 66 40.0
41 67 41.0
41 68 60.0
41 69 66.0
41 70 78.0
41 71 59.0
41 72 25.0
41 73 13.0
41 74 104.0
41 75 47.0
41 76 50.0
41 77 67.0
41 78 39.0
41 79 49.0
41 80 41.0
41 81 42.0
41 82 47.0
41 83 41.0
41 84 62.0
41 85 23.0
41 86 33.0
41 87 39.0
41 88 41.0
41 89 19.0
41 90 27.0
41 91 29.0
41 92 62.0
41 93 41.0
41 94 43.0
41 95 37.0
41 96 21.0
41 97 23.0
41 98 50.0
41 99 35.0
42 43 148.0
42 44 116.0
42 45 130.0
42 46 116.0
42 47 103.0
42 48 151.0
42 49 113.0
42 50 102.0
42 51 116.0
42 52 141.0
42 53 157.0
42 54 135.0
42 55 136.0
42 56 113.0
42 57 90.0
42 58 113.0
42 59 116.0
42 60 77.0
42 61 136.0
42 62 86.0
42 63 92.0
42 64 114.0
42 65 94.0
42 66 107.0
42 67 104.0
42 68 110.0
42 69 133.0
42 70 142.0
42 71 143.0
42 72 92.0
42 73 111.0
42 74 71.0
42 75 104.0
42 76 105.0
42 77 129.0
42 78 121.0
42 79 139.0
42 80 108.0
42 81 114.0
42 82 108.0
42 83 131.0
42 84 146.0
42 85 107.0
42 86 102.0
42 87 108.0
42 88 89.0
42 89 109.0
42 90 94.0
42 91 96.0
42 92 141.0
42 93 89.0
42 94 90.0
42 95 104.0
42 96 111.0
42 97 90.0
42 98 119.0
42 99 120.0
43 44 49.0
43 45 83.0
43 46 50.0
43 47 61.0
43 48 85.0
43 49 71.0
43 50 61.0
43 51 40.0
43 52 75.0
43 53 55.0
43 54 67.0
43 55 17.0
43 56 43.0
43 57 86.0
43 58 45.0
43 59 61.0
43 60 110.0
43 61 68.0
43 62 67.0
43 63 56.0
43 64 41.0
43 65 67.0
43 66 58.0
43 67 62.0
43 68 46.0
43 69 114.0
43 70 107.0
43 71 64.0
43 72 61.0
43 73 42.0
43 74 104.0
43 75 50.0
43 76 60.0
43 77 61.0
43 78 68.0
43 79 78.0
43 80 57.0
43 81 71.0
43 82 57.0
43 83 70.0
43 84 76.0
43 85 52.0
43 86 56.0
43 87 50.0
43 88 66.0
43 89 48.0
43 90 67.0
43 91 77.0
43 92 87.0
43 93 66.0
43 94 58.0
43 95 58.0
43 96 50.0
43 97 71.0
43 98 39.0
43 99 64.0
44 45 80.0
44 46 27.0
44 47 35.0
44 48 62.0
44 49 31.0
44 50 20.0
44 51 58.0
44 52 52.0
44 53 63.0
44 54 78.0
44 55 32.0
44 56 55.0
44 57 50.0
44 58 56.0
44 59 51.0
44 60 71.0
44 61 41.0
44 62 36.0
44 63 30.0
44 64 26.0
44 65 44.0
44 66 15.0
44 67 39.0
44 68 52.0
44 69 65.0
44 70 70.0
44 71 67.0
44 72 35.0
44 73 43.0
44 74 65.0
44 75 54.0
44 76 11.0
44 77 40.0
44 78 63.0
44 79 48.0
44 80 16.0
44 81 32.0
44 82 8.0
44 83 40.0
44 84 77.0
44 85 42.0
44 86 37.0
44 87 40.0
44 88 27.0
44 89 41.0
44 90 44.0
44 91 38.0
44 92 38.0
44 93 27.0
44 94 32.0
44 95 31.0
44 96 35.0
44 97 32.0
44 98 29.0
44 99 27.0
45 46 57.0
45 47 61.0
45 48 92.0
45 49 75.0
45 50 78.0
45 51 47.0
45 52 82.0
45 53 86.0
45 54 74.0
45 55 66.0
45 56 44.0
45 57 68.0
45 58 42.0
45 59 60.0
45 60 132.0
45 61 84.0
45 62 44.0
45 63 68.0
45 64 61.0
45 65 36.0
45 66 65.0
45 67 69.0
45 68 46.0
45 69 91.0
45 70 106.0
45 71 87.0
45 72 50.0
45 73 41.0
45 74 126.0
45 75 33.0
45 76 75.0
45 77 58.0
45 78 67.0
45 79 72.0
45 80 66.0
45 81 70.0
45 82 72.0
45 83 64.0
45 84 90.0
45 85 51.0
45 86 60.0
45 87 62.0
45 88 66.0
45 89 47.0
45 90 36.0
45 91 54.0
45 92 85.0
45 93 66.0
45 94 66.0
45 95 62.0
45 96 49.0
45 97 48.0
45 98 70.0
45 99 63.0
46 47 29.0
46 48 35.0
46 49 21.0
46 50 31.0
46 51 41.0
46 52 25.0
46 53 68.0
46 54 68.0
46 55 41.0
46 56 44.0
46 57 54.0
46 58 46.0
46 59 24.0
46 60 82.0
46 61 58.0
46 62 33.0
46 63 39.0
46 64 43.0
46 65 39.0
46 66 26.0
46 67 12.0
46 68 47.0
46 69 76.0
46 70 81.0
46 71 51.0
46 72 27.0
46 73 16.0
46 74 76.0
46 75 42.0
46 76 22.0
46 77 53.0
46 78 42.0
46 79 44.0
46 80 27.0
46 81 43.0
46 82 19.0
46 83 36.0
46 84 50.0
46 85 15.0
46 86 28.0
46 87 34.0
46 88 38.0
46 89 14.0
46 90 39.0
46 91 43.0
46 92 40.0
46 93 38.0
46 94 41.0
46 95 48.0
46 96 8.0
46 97 37.0
46 98 45.0
46 99 22.0
47 48 63.0
47 49 44.0
47 50 33.0
47 51 52.0
47 52 54.0
47 53 54.0
47 54 66.0
47 55 44.0
47 56 49.0
47 57 41.0
47 58 49.0
47 59 40.0
47 60 84.0
47 61 64.0
47 62 17.0
47 63 43.0
47 64 51.0
47 65 25.0
47 66 34.0
47 67 41.0
47 68 46.0
47 69 64.0
47 70 86.0
47 71 67.0
47 72 11.0
47 73 21.0
47 74 78.0
47 75 40.0
47 76 24.0
47 77 33.0
47 78 47.0
47 79 49.0
47 80 35.0
47 81 45.0
47 82 27.0
47 83 41.0
47 84 70.0
47 85 31.0
47 86 5.0
47 87 11.0
47 88 34.0
47 89 15.0
47 90 25.0
47 91 27.0
47 92 62.0
47 93 34.0
47 94 41.0
47 95 35.0
47 96 21.0
47 97 21.0
47 98 22.0
47 99 32.0
48 49 42.0
48 50 53.0
48 51 76.0
48 52 10.0
48 53 93.0
48 54 101.0
48 55 76.0
48 56 79.0
48 57 89.0
48 58 81.0
48 59 42.0
48 60 117.0
48 61 93.0
48 62 68.0
48 63 63.0
48 64 73.0
48 65 60.0
48 66 61.0
48 67 47.0
48 68 82.0
48 69 110.0
48 70 92.0
48 71 86.0
48 72 62.0
48 73 51.0
48 74 111.0
48 75 77.0
48 76 57.0
48 77 88.0
48 78 59.0
48 79 74.0
48 80 62.0
48 81 65.0
48 82 54.0
48 83 71.0
48 84 72.0
48 85 50.0
48 86 62.0
48 87 68.0
48 88 73.0
48 89 48.0
48 90 60.0
48 91 78.0
48 92 61.0
48 93 73.0
48 94 65.0
48 95 83.0
48 96 43.0
48 97 72.0
48 98 79.0
48 99 57.0
49 50 11.0
49 51 49.0
49 52 32.0
49 53 72.0
49 54 76.0
49 55 55.0
49 56 46.0
49 57 51.0
49 58 48.0
49 59 45.0
49 60 80.0
49 61 58.0
49 62 47.0
49 63 21.0
49 64 31.0
49 65 46.0
49 66 30.0
49 67 33.0
49 68 43.0
49 69 68.0
49 70 97.0
49 71 58.0
49 72 45.0
49 73 34.0
49 74 74.0
49 75 57.0
49 76 20.0
49 77 51.0
49 78 58.0
49 79 57.0
49 80 30.0
49 81 23.0
49 82 23.0
49 83 49.0
49 84 71.0
49 85 36.0
49 86 46.0
49 87 52.0
49 88 36.0
49 89 32.0
49 90 46.0
49 91 37.0
49 92 47.0
49 93 36.0
49 94 23.0
49 95 48.0
49 96 26.0
49 97 43.0
49 98 50.0
49 99 40.0
50 51 38.0
50 52 43.0
50 53 61.0
50 54 65.0
50 55 44.0
50 56 35.0
50 57 40.0
50 58 37.0
50 59 55.0
50 60 69.0
50 61 47.0
50 62 36.0
50 63 10.0
50 64 20.0
50 65 44.0
50 66 19.0
50 67 43.0
50 68 32.0
50 69 57.0
50 70 90.0
50 71 47.0
50 72 41.0
50 73 41.0
50 74 63.0
50 75 46.0
50 76 9.0
50 77 40.0
50 78 63.0
50 79 46.0
50 80 19.0
50 81 12.0
50 82 12.0
50 83 38.0
50 84 81.0
50 85 46.0
50 86 35.0
50 87 41.0
50 88 25.0
50 89 43.0
50 90 44.0
50 91 42.0
50 92 39.0
50 93 25.0
50 94 12.0
50 95 37.0
50 96 37.0
50 97 36.0
50 98 39.0
50 99 37.0
51 52 66.0
51 53 49.0
51 54 27.0
51 55 52.0
51 56 3.0
51 57 54.0
51 58 5.0
51 59 60.0
51 60 96.0
51 61 69.0
51 62 45.0
51 63 28.0
51 64 42.0
51 65 45.0
51 66 57.0
51 67 53.0
51 68 6.0
51 69 82.0
51 70 106.0
51 71 74.0
51 72 51.0
51 73 41.0
51 74 90.0
51 75 14.0
51 76 47.0
51 77 21.0
51 78 67.0
51 79 54.0
51 80 57.0
51 81 50.0
51 82 50.0
51 83 46.0
51 84 70.0
51 85 51.0
51 86 47.0
51 87 41.0
51 88 49.0
51 89 39.0
51 90 45.0
51 91 47.0
51 92 67.0
51 93 49.0
51 94 26.0
51 95 55.0
51 96 33.0
51 97 41.0
51 98 30.0
51 99 47.0
52 53 93.0
52 54 91.0
52 55 66.0
52 56 69.0
52 57 79.0
52 58 71.0
52 59 49.0
52 60 107.0
52 61 83.0
52 62 58.0
52 63 53.0
52 64 63.0
52 65 50.0
52 66 51.0
52 67 37.0
52 68 72.0
52 69 100.0
52 70 101.0
52 71 76.0
52 72 52.0
52 73 41.0
52 74 101.0
52 75 67.0
52 76 47.0
52 77 78.0
52 78 62.0
52 79 64.0
52 80 52.0
52 81 55.0
52 82 44.0
52 83 61.0
52 84 75.0
52 85 40.0
52 86 53.0
52 87 59.0
52 88 63.0
52 89 39.0
52 90 50.0
52 91 68.0
52 92 51.0
52 93 63.0
52 94 55.0
52 95 73.0
52 96 33.0
52 97 62.0
52 98 70.0
52 99 47.0
53 54 76.0
53 55 62.0
53 56 46.0
53 57 95.0
53 58 44.0
53 59 51.0
53 60 112.0
53 61 94.0
53 62 71.0
53 63 71.0
53 64 79.0
53 65 79.0
53 66 62.0
53 67 80.0
53 68 49.0
53 69 112.0
53 70 127.0
53 71 81.0
53 72 65.0
53 73 62.0
53 74 106.0
53 75 53.0
53 76 52.0
53 77 28.0
53 78 88.0
53 79 89.0
53 80 63.0
53 81 73.0
53 82 55.0
53 83 80.0
53 84 21.0
53 85 60.0
53 86 59.0
53 87 65.0
53 88 68.0
53 89 56.0
53 90 79.0
53 91 77.0
53 92 100.0
53 93 68.0
53 94 69.0
53 95 84.0
53 96 60.0
53 97 75.0
53 98 73.0
53 99 74.0
54 55 79.0
54 56 30.0
54 57 73.0
54 58 32.0
54 59 77.0
54 60 123.0
54 61 94.0
54 62 49.0
54 63 55.0
54 64 67.0
54 65 41.0
54 66 70.0
54 67 80.0
54 68 33.0
54 69 96.0
54 70 113.0
54 71 101.0
54 72 55.0
54 73 62.0
54 74 117.0
54 75 41.0
54 76 74.0
54 77 48.0
54 78 74.0
54 79 81.0
54 80 71.0
54 81 77.0
54 82 76.0
54 83 73.0
54 84 97.0
54 85 72.0
54 86 65.0
54 87 68.0
54 88 71.0
54 89 66.0
54 90 41.0
54 91 59.0
54 92 94.0
54 93 71.0
54 94 53.0
54 95 67.0
54 96 60.0
54 97 53.0
54 98 57.0
54 99 51.0
55 56 49.0
55 57 73.0
55 58 51.0
55 59 44.0
55 60 93.0
55 61 51.0
55 62 50.0
55 63 54.0
55 64 24.0
55 65 50.0
55 66 41.0
55 67 53.0
55 68 46.0
55 69 97.0
55 70 90.0
55 71 71.0
55 72 44.0
55 73 25.0
55 74 87.0
55 75 52.0
55 76 43.0
55 77 67.0
55 78 51.0
55 79 61.0
55 80 40.0
55 81 54.0
55 82 40.0
55 83 53.0
55 84 74.0
55 85 35.0
55 86 39.0
55 87 33.0
55 88 49.0
55 89 31.0
55 90 50.0
55 91 60.0
55 92 70.0
55 93 49.0
55 94 56.0
55 95 41.0
55 96 33.0
55 97 54.0
55 98 22.0
55 99 47.0
56 57 51.0
56 58 2.0
56 59 63.0
56 60 93.0
56 61 66.0
56 62 42.0
56 63 25.0
56 64 39.0
56 65 42.0
56 66 54.0
56 67 56.0
56 68 3.0
56 69 85.0
56 70 103.0
56 71 71.0
56 72 48.0
56 73 44.0
56 74 87.0
56 75 11.0
56 76 44.0
56 77 18.0
56 78 69.0
56 79 51.0
56 80 54.0
56 81 47.0
56 82 47.0
56 83 43.0
56 84 67.0
56 85 54.0
56 86 44.0
56 87 38.0
56 88 46.0
56 89 42.0
56 90 42.0
56 91 44.0
56 92 64.0
56 93 46.0
56 94 23.0
56 95 52.0
56 96 36.0
56 97 38.0
56 98 27.0
56 99 50.0
57 58 51.0
57 59 67.0
57 60 103.0
57 61 74.0
57 62 24.0
57 63 30.0
57 64 52.0
57 65 32.0
57 66 45.0
57 67 42.0
57 68 48.0
57 69 71.0
57 70 52.0
57 71 84.0
57 72 30.0
57 73 48.0
57 74 97.0
57 75 42.0
57 76 43.0
57 77 67.0
57 78 59.0
57 79 77.0
57 80 46.0
57 81 52.0
57 82 46.0
57 83 69.0
57 84 97.0
57 85 58.0
57 86 40.0
57 87 46.0
57 88 27.0
57 89 47.0
57 90 32.0
57 91 34.0
57 92 79.0
57 93 27.0
57 94 28.0
57 95 42.0
57 96 49.0
57 97 28.0
57 98 57.0
57 99 58.0
58 59 62.0
58 60 95.0
58 61 64.0
58 62 40.0
58 63 27.0
58 64 37.0
58 65 40.0
58 66 53.0
58 67 58.0
58 68 5.0
58 69 87.0
58 70 103.0
58 71 69.0
58 72 46.0
58 73 43.0
58 74 89.0
58 75 9.0
58 76 46.0
58 77 16.0
58 78 67.0
58 79 53.0
58 80 53.0
58 81 49.0
58 82 49.0
58 83 45.0
58 84 65.0
58 85 53.0
58 86 44.0
58 87 38.0
58 88 44.0
58 89 41.0
58 90 40.0
58 91 42.0
58 92 66.0
58 93 44.0
58 94 25.0
58 95 50.0
58 96 38.0
58 97 36.0
58 98 29.0
58 99 52.0
59 60 106.0
59 61 62.0
59 62 44.0
59 63 63.0
59 64 46.0
59 65 52.0
59 66 50.0
59 67 36.0
59 68 66.0
59 69 91.0
59 70 80.0
59 71 45.0
59 72 38.0
59 73 19.0
59 74 100.0
59 75 53.0
59 76 46.0
59 77 66.0
59 78 41.0
59 79 55.0
59 80 51.0
59 81 48.0
59 82 43.0
59 83 47.0
59 84 30.0
59 85 9.0
59 86 39.0
59 87 45.0
59 88 50.0
59 89 25.0
59 90 52.0
59 91 54.0
59 92 64.0
59 93 50.0
59 94 65.0
59 95 62.0
59 96 27.0
59 97 48.0
59 98 56.0
59 99 41.0
60 61 71.0
60 62 91.0
60 63 79.0
60 64 87.0
60 65 99.0
60 66 70.0
60 67 94.0
60 68 90.0
60 69 120.0
60 70 141.0
60 71 116.0
60 72 92.0
60 73 98.0
60 74 6.0
60 75 104.0
60 76 60.0
60 77 91.0
60 78 118.0
60 79 97.0
60 80 71.0
60 81 81.0
60 82 63.0
60 83 89.0
60 84 132.0
60 85 97.0
60 86 86.0
60 87 82.0
60 88 76.0
60 89 96.0
60 90 99.0
60 91 93.0
60 92 108.0
60 93 76.0
60 94 81.0
60 95 80.0
60 96 90.0
60 97 87.0
60 98 71.0
60 99 88.0
61 62 50.0
61 63 57.0
61 64 27.0
61 65 53.0
61 66 32.0
61 67 63.0
61 68 69.0
61 69 96.0
61 70 108.0
61 71 89.0
61 72 56.0
61 73 43.0
61 74 77.0
61 75 55.0
61 76 42.0
61 77 68.0
61 78 69.0
61 79 79.0
61 80 31.0
61 81 59.0
61 82 39.0
61 83 71.0
61 84 92.0
61 85 53.0
61 86 63.0
61 87 69.0
61 88 52.0
61 89 49.0
61 90 53.0
61 91 52.0
61 92 79.0
61 93 52.0
61 94 59.0
61 95 32.0
61 96 51.0
61 97 46.0
61 98 60.0
61 99 58.0
62 63 26.0
62 64 34.0
62 65 8.0
62 66 21.0
62 67 38.0
62 68 44.0
62 69 47.0
62 70 74.0
62 71 71.0
62 72 6.0
62 73 25.0
62 74 85.0
62 75 31.0
62 76 31.0
62 77 50.0
62 78 35.0
62 79 53.0
62 80 22.0
62 81 48.0
62 82 28.0
62 83 45.0
62 84 74.0
62 85 35.0
62 86 16.0
62 87 22.0
62 88 22.0
62 89 23.0
62 90 8.0
62 91 10.0
62 92 61.0
62 93 22.0
62 94 24.0
62 95 18.0
62 96 25.0
62 97 4.0
62 98 33.0
62 99 39.0
63 64 30.0
63 65 34.0
63 66 29.0
63 67 44.0
63 68 22.0
63 69 67.0
63 70 82.0
63 71 57.0
63 72 32.0
63 73 51.0
63 74 73.0
63 75 36.0
63 76 19.0
63 77 43.0
63 78 61.0
63 79 56.0
63 80 29.0
63 81 22.0
63 82 22.0
63 83 48.0
63 84 89.0
63 85 54.0
63 86 42.0
63 87 48.0
63 88 29.0
63 89 49.0
63 90 34.0
63 91 36.0
63 92 49.0
63 93 29.0
63 94 2.0
63 95 44.0
63 96 47.0
63 97 30.0
63 98 46.0
63 99 47.0
64 65 26.0
64 66 17.0
64 67 48.0
64 68 42.0
64 69 77.0
64 70 82.0
64 71 67.0
64 72 40.0
64 73 31.0
64 74 81.0
64 75 28.0
64 76 27.0
64 77 53.0
64 78 43.0
64 79 64.0
64 80 16.0
64 81 32.0
64 82 24.0
64 83 56.0
64 84 76.0
64 85 41.0
64 86 50.0
64 87 56.0
64 88 25.0
64 89 37.0
64 90 26.0
64 91 37.0
64 92 59.0
64 93 25.0
64 94 32.0
64 95 17.0
64 96 39.0
64 97 31.0
64 98 45.0
64 99 39.0
65 66 29.0
65 67 46.0
65 68 45.0
65 69 55.0
65 70 80.0
65 71 79.0
65 72 14.0
65 73 33.0
65 74 93.0
65 75 31.0
65 76 39.0
65 77 56.0
65 78 41.0
65 79 61.0
65 80 30.0
65 81 56.0
65 82 36.0
65 83 53.0
65 84 82.0
65 85 43.0
65 86 24.0
65 87 30.0
65 88 30.0
65 89 31.0
65 90 0.0
65 91 18.0
65 92 65.0
65 93 30.0
65 94 32.0
65 95 26.0
65 96 33.0
65 97 12.0
65 98 40.0
65 99 47.0
66 67 33.0
66 68 51.0
66 69 64.0
66 70 85.0
66 71 66.0
66 72 27.0
66 73 42.0
66 74 64.0
66 75 44.0
66 76 10.0
66 77 41.0
66 78 48.0
66 79 47.0
66 80 1.0
66 81 31.0
66 82 7.0
66 83 39.0
66 84 76.0
66 85 41.0
66 86 36.0
66 87 42.0
66 88 26.0
66 89 40.0
66 90 29.0
66 91 23.0
66 92 53.0
66 93 26.0
66 94 31.0
66 95 22.0
66 96 34.0
66 97 17.0
66 98 34.0
66 99 32.0
67 68 59.0
67 69 85.0
67 70 93.0
67 71 63.0
67 72 39.0
67 73 28.0
67 74 88.0
67 75 54.0
67 76 34.0
67 77 65.0
67 78 54.0
67 79 56.0
67 80 32.0
67 81 55.0
67 82 31.0
67 83 48.0
67 84 62.0
67 85 27.0
67 86 40.0
67 87 46.0
67 88 41.0
67 89 26.0
67 90 46.0
67 91 48.0
67 92 52.0
67 93 41.0
67 94 42.0
67 95 53.0
67 96 20.0
67 97 42.0
67 98 57.0
67 99 34.0
68 69 88.0
68 70 100.0
68 71 74.0
68 72 50.0
68 73 47.0
68 74 84.0
68 75 14.0
68 76 41.0
68 77 21.0
68 78 72.0
68 79 54.0
68 80 51.0
68 81 44.0
68 82 44.0
68 83 46.0
68 84 70.0
68 85 57.0
68 86 41.0
68 87 35.0
68 88 47.0
68 89 45.0
68 90 45.0
68 91 47.0
68 92 67.0
68 93 47.0
68 94 20.0
68 95 55.0
68 96 39.0
68 97 41.0
68 98 24.0
68 99 53.0
69 70 121.0
69 71 104.0
69 72 53.0
69 73 72.0
69 74 114.0
69 75 78.0
69 76 60.0
69 77 91.0
69 78 82.0
69 79 97.0
69 80 65.0
69 81 69.0
69 82 57.0
69 83 89.0
69 84 121.0
69 85 82.0
69 86 63.0
69 87 69.0
69 88 69.0
69 89 70.0
69 90 55.0
69 91 57.0
69 92 96.0
69 93 69.0
69 94 69.0
69 95 65.0
69 96 72.0
69 97 51.0
69 98 80.0
69 99 78.0
70 71 109.0
70 72 77.0
70 73 65.0
70 74 135.0
70 75 94.0
70 76 81.0
70 77 110.0
70 78 39.0
70 79 78.0
70 80 86.0
70 81 92.0
70 82 78.0
70 83 90.0
70 84 110.0
70 85 75.0
70 86 85.0
70 87 91.0
70 88 79.0
70 89 71.0
70 90 80.0
70 91 64.0
70 92 65.0
70 93 79.0
70 94 80.0
70 95 84.0
70 96 73.0
70 97 70.0
70 98 95.0
70 99 87.0
71 72 65.0
71 73 46.0
71 74 110.0
71 75 78.0
71 76 56.0
71 77 53.0
71 78 70.0
71 79 75.0
71 80 66.0
71 81 35.0
71 82 59.0
71 83 74.0
71 84 75.0
71 85 36.0
71 86 66.0
71 87 72.0
71 88 72.0
71 89 52.0
71 90 79.0
71 91 81.0
71 92 62.0
71 93 72.0
71 94 56.0
71 95 84.0
71 96 54.0
71 97 75.0
71 98 83.0
71 99 68.0
72 73 19.0
72 74 86.0
72 75 37.0
72 76 32.0
72 77 44.0
72 78 41.0
72 79 47.0
72 80 28.0
72 81 48.0
72 82 34.0
72 83 39.0
72 84 68.0
72 85 29.0
72 86 10.0
72 87 16.0
72 88 28.0
72 89 17.0
72 90 14.0
72 91 16.0
72 92 60.0
72 93 28.0
72 94 30.0
72 95 24.0
72 96 19.0
72 97 10.0
72 98 27.0
72 99 33.0
73 74 92.0
73 75 34.0
73 76 38.0
73 77 54.0
73 78 26.0
73 79 36.0
73 80 43.0
73 81 29.0
73 82 35.0
73 83 28.0
73 84 49.0
73 85 10.0
73 86 20.0
73 87 26.0
73 88 43.0
73 89 6.0
73 90 33.0
73 91 35.0
73 92 49.0
73 93 43.0
73 94 49.0
73 95 43.0
73 96 8.0
73 97 29.0
73 98 37.0
73 99 22.0
74 75 98.0
74 76 54.0
74 77 85.0
74 78 112.0
74 79 91.0
74 80 65.0
74 81 75.0
74 82 57.0
74 83 83.0
74 84 126.0
74 85 91.0
74 86 80.0
74 87 76.0
74 88 70.0
74 89 90.0
74 90 93.0
74 91 87.0
74 92 102.0
74 93 70.0
74 94 75.0
74 95 86.0
74 96 84.0
74 97 81.0
74 98 65.0
74 99 82.0
75 76 45.0
75 77 25.0
75 78 58.0
75 79 62.0
75 80 44.0
75 81 58.0
75 82 48.0
75 83 54.0
75 84 74.0
75 85 44.0
75 86 35.0
75 87 29.0
75 88 35.0
75 89 32.0
75 90 31.0
75 91 33.0
75 92 75.0
75 93 35.0
75 94 34.0
75 95 41.0
75 96 34.0
75 97 27.0
75 98 38.0
75 99 48.0
76 77 31.0
76 78 58.0
76 79 37.0
76 80 11.0
76 81 21.0
76 82 3.0
76 83 29.0
76 84 72.0
76 85 37.0
76 86 26.0
76 87 32.0
76 88 16.0
76 89 36.0
76 90 39.0
76 91 33.0
76 92 48.0
76 93 16.0
76 94 21.0
76 95 32.0
76 96 30.0
76 97 27.0
76 98 30.0
76 99 28.0
77 78 74.0
77 79 68.0
77 80 42.0
77 81 52.0
77 82 34.0
77 83 60.0
77 84 49.0
77 85 57.0
77 86 38.0
77 87 44.0
77 88 47.0
77 89 48.0
77 90 56.0
77 91 49.0
77 92 78.0
77 93 47.0
77 94 41.0
77 95 58.0
77 96 54.0
77 97 52.0
77 98 45.0
77 99 56.0
78 79 39.0
78 80 49.0
78 81 53.0
78 82 55.0
78 83 51.0
78 84 71.0
78 85 36.0
78 86 46.0
78 87 52.0
78 88 57.0
78 89 32.0
78 90 41.0
78 91 25.0
78 92 26.0
78 93 57.0
78 94 59.0
78 95 45.0
78 96 34.0
78 97 31.0
78 98 56.0
78 99 48.0
79 80 48.0
79 81 40.0
79 82 40.0
79 83 12.0
79 84 85.0
79 85 46.0
79 86 48.0
79 87 54.0
79 88 53.0
79 89 34.0
79 90 61.0
79 91 63.0
79 92 13.0
79 93 53.0
79 94 58.0
79 95 69.0
79 96 36.0
79 97 57.0
79 98 65.0
79 99 50.0
80 81 31.0
80 82 8.0
80 83 40.0
80 84 77.0
80 85 42.0
80 86 37.0
80 87 43.0
80 88 27.0
80 89 41.0
80 90 30.0
80 91 24.0
80 92 54.0
80 93 27.0
80 94 31.0
80 95 21.0
80 96 35.0
80 97 18.0
80 98 35.0
80 99 33.0
81 82 24.0
81 83 50.0
81 84 78.0
81 85 39.0
81 86 47.0
81 87 53.0
81 88 37.0
81 89 35.0
81 90 56.0
81 91 54.0
81 92 27.0
81 93 37.0
81 94 24.0
81 95 49.0
81 96 37.0
81 97 48.0
81 98 51.0
81 99 49.0
82 83 32.0
82 84 69.0
82 85 34.0
82 86 29.0
82 87 35.0
82 88 19.0
82 89 33.0
82 90 36.0
82 91 30.0
82 92 46.0
82 93 19.0
82 94 24.0
82 95 29.0
82 96 27.0
82 97 24.0
82 98 27.0
82 99 25.0
83 84 77.0
83 85 38.0
83 86 40.0
83 87 46.0
83 88 45.0
83 89 26.0
83 90 53.0
83 91 55.0
83 92 25.0
83 93 45.0
83 94 50.0
83 95 61.0
83 96 28.0
83 97 49.0
83 98 57.0
83 99 42.0
84 85 39.0
84 86 69.0
84 87 75.0
84 88 80.0
84 89 55.0
84 90 82.0
84 91 84.0
84 92 90.0
84 93 80.0
84 94 90.0
84 95 92.0
84 96 57.0
84 97 78.0
84 98 86.0
84 99 71.0
85 86 30.0
85 87 36.0
85 88 53.0
85 89 16.0
85 90 43.0
85 91 45.0
85 92 55.0
85 93 53.0
85 94 56.0
85 95 53.0
85 96 18.0
85 97 39.0
85 98 47.0
85 99 32.0
86 87 6.0
86 88 29.0
86 89 14.0
86 90 24.0
86 91 26.0
86 92 61.0
86 93 29.0
86 94 40.0
86 95 34.0
86 96 20.0
86 97 20.0
86 98 17.0
86 99 34.0
87 88 35.0
87 89 20.0
87 90 30.0
87 91 32.0
87 92 67.0
87 93 35.0
87 94 46.0
87 95 40.0
87 96 26.0
87 97 26.0
87 98 11.0
87 99 40.0
88 89 43.0
88 90 30.0
88 91 32.0
88 92 64.0
88 93 0.0
88 94 27.0
88 95 35.0
88 96 45.0
88 97 26.0
88 98 46.0
88 99 31.0
89 90 31.0
89 91 33.0
89 92 47.0
89 93 43.0
89 94 47.0
89 95 41.0
89 96 6.0
89 97 27.0
89 98 31.0
89 99 20.0
90 91 18.0
90 92 65.0
90 93 30.0
90 94 32.0
90 95 26.0
90 96 33.0
90 97 12.0
90 98 40.0
90 99 47.0
91 92 51.0
91 93 32.0
91 94 34.0
91 95 20.0
91 96 35.0
91 97 6.0
91 98 43.0
91 99 49.0
92 93 64.0
92 94 51.0
92 95 69.0
92 96 48.0
92 97 57.0
92 98 67.0
92 99 62.0
93 94 27.0
93 95 35.0
93 96 45.0
93 97 26.0
93 98 46.0
93 99 31.0
94 95 42.0
94 96 49.0
94 97 28.0
94 98 44.0
94 99 49.0
95 96 43.0
95 97 14.0
95 98 50.0
95 99 48.0
96 97 29.0
96 98 37.0
96 99 14.0
97 98 37.0
97 99 43.0
98 99 43.0
